288
0.26938 0.69569 0.64064 0.6594 -0.25533 0 0.70711
0.022431 0.63936 0.1921 0.70667 -0.024793 0 0.70711
-0.52869 -0.83559 0.74953 -0.59754 0.37808 0 0.70711
-0.057239 -0.67054 0.30115 -0.70454 0.060142 0 0.70711
0.13652 0.80592 0.90524 0.69717 -0.1181 0 0.70711
0.81046 0.90265 0.5565 0.52615 -0.47241 0 0.70711
-0.61172 0.10744 0.47444 0.12232 0.69645 0 0.70711
-0.38087 0.93821 0.73329 0.65518 0.26597 0 0.70711
0.52755 0.73109 0.1192 0.57341 -0.41377 0 0.70711
-0.94313 0.29524 0.27876 0.21125 0.67481 0 0.70711
0.95825 0.49246 0.1021 0.32321 -0.62892 0 0.70711
-0.27754 -0.62002 0.2241 -0.6454 0.2889 0 0.70711
0.77851 0.4385 0.64411 0.34702 -0.6161 0 0.70711
-0.77376 0.44076 0.88807 0.34999 0.61441 0 0.70711
0.95409 -0.37344 0.16216 -0.25773 -0.65846 0 0.70711
0.42092 -0.97219 0.20903 -0.6489 -0.28095 0 0.70711
0.48337 0.74335 0.45227 0.5928 -0.38547 0 0.70711
-0.46713 -0.65039 0.7443 -0.57432 0.4125 0 0.70711
0.72662 0.75852 0.45336 0.51062 -0.48915 0 0.70711
0.90418 0.30405 0.012468 0.22538 -0.67023 0 0.70711
0.60596 0.20282 0.30707 0.22444 -0.67054 0 0.70711
-0.75866 0.63046 0.49234 0.45194 0.54383 0 0.70711
0.66917 -0.981 0.66384 -0.58415 -0.39846 0 0.70711
-0.71216 -0.29253 0.92515 -0.26867 0.65407 0 0.70711
-0.54859 -0.67032 0.5926 -0.54721 0.44784 0 0.70711
-0.79708 -0.23469 0.2623 -0.19972 0.67832 0 0.70711
-0.78157 -0.54541 0.94012 -0.40466 0.57987 0 0.70711
-0.5122 -0.53967 0.54433 -0.51289 0.48677 0 0.70711
0.65605 0.038674 0.94977 0.041611 -0.70588 0 0.70711
0.7476 -0.09846 0.26695 -0.09233 -0.70105 0 0.70711
0.034904 0.80447 0.83531 0.70644 -0.030651 0 0.70711
-0.48991 -0.42092 0.25618 -0.46081 0.53634 0 0.70711
-0.26689 0.52598 0.65369 0.63057 0.31996 0 0.70711
0.29769 -0.65588 0.87467 -0.64389 -0.29225 0 0.70711
0.55401 -0.01132 0.47814 -0.014445 -0.70696 0 0.70711
-0.49482 -0.18226 0.23958 -0.2444 0.66353 0 0.70711
0.85925 0.020643 0.49405 0.016983 -0.7069 0 0.70711
-0.07102 0.99701 0.94696 0.70532 0.050242 0 0.70711
-0.26261 -0.6873 0.10161 -0.66053 0.25238 0 0.70711
0.86853 -0.29093 0.44754 -0.22459 -0.67049 0 0.70711
0.51601 -0.55955 0.13642 -0.51982 -0.47937 0 0.70711
-0.65403 0.3894 0.36682 0.36174 0.60757 0 0.70711
0.18876 0.90185 0.81555 0.69211 -0.14486 0 0.70711
-0.93083 -0.94946 0.31325 -0.50493 0.49502 0 0.70711
-0.57646 -0.94658 0.1898 -0.60393 0.36779 0 0.70711
0.20929 0.59635 0.28695 0.66721 -0.23416 0 0.70711
0.32786 0.60361 0.1127 0.62136 -0.3375 0 0.70711
-0.82095 -0.057661 0.12258 -0.049543 0.70537 0 0.70711
-0.52727 -0.38859 0.68143 -0.4195 0.56922 0 0.70711
0.80934 0.75014 0.76399 0.48068 -0.5186 0 0.70711
-0.46731 -0.36214 0.17347 -0.43314 0.55892 0 0.70711
-0.61437 0.081839 0.69039 0.093367 0.70092 0 0.70711
-0.34951 -0.5845 0.042542 -0.60688 0.3629 0 0.70711
0.56827 -0.83076 0.37626 -0.58363 -0.39922 0 0.70711
-0.70372 0.46903 0.35982 0.39217 0.58839 0 0.70711
0.47392 0.78765 0.51701 0.60589 -0.36456 0 0.70711
0.59926 -0.66356 0.52984 -0.52478 -0.47392 0 0.70711
-0.78663 0.48084 0.66038 0.36879 0.60332 0 0.70711
0.42653 0.28148 0.86227 0.38947 -0.59018 0 0.70711
-0.53108 -0.62436 0.72253 -0.53862 0.45814 0 0.70711
0.25281 -0.4703 0.49879 -0.62282 -0.3348 0 0.70711
-0.90034 -0.022545 0.70115 -0.017701 0.70689 0 0.70711
-0.83348 0.57733 0.22147 0.40263 0.58128 0 0.70711
0.86074 -0.75135 0.32574 -0.465 -0.5327 0 0.70711
0.035816 0.62872 0.76978 0.70596 -0.040216 0 0.70711
0.92779 -0.695 0.21515 -0.42394 -0.56593 0 0.70711
0.85815 0.12245 0.31343 0.099883 -0.70002 0 0.70711
-0.95958 0.92879 0.25052 0.49178 0.50808 0 0.70711
-0.22964 -0.89224 0.23628 -0.68479 0.17625 0 0.70711
0.99463 0.66412 0.82602 0.39265 -0.58807 0 0.70711
0.31923 -0.86878 0.75597 -0.66372 -0.24388 0 0.70711
0.11949 0.87819 0.25192 0.70065 -0.09533 0 0.70711
0.63064 0.42257 0.85214 0.39361 -0.58743 0 0.70711
0.89558 -0.21124 0.94728 -0.16233 -0.68822 0 0.70711
0.7657 -0.51045 0.079525 -0.39223 -0.58835 0 0.70711
0.5962 0.21716 0.44831 0.242 -0.6644 0 0.70711
0.84539 0.40211 0.79619 0.30373 -0.63855 0 0.70711
0.015784 0.70289 0.31858 0.70693 -0.015875 0 0.70711
0.8935 0.11927 0.61958 0.093559 -0.70089 0 0.70711
-0.026174 0.78368 0.46108 0.70671 0.023603 0 0.70711
0.7389 0.56564 0.0077724 0.42982 -0.56148 0 0.70711
0.1465 -0.53524 0.88876 -0.68202 -0.18668 0 0.70711
0.70743 0.065865 0.24957 0.065551 -0.70406 0 0.70711
-0.37472 0.35681 0.98466 0.48761 0.51209 0 0.70711
0.58357 -0.81719 0.11696 -0.57544 -0.41093 0 0.70711
-0.9249 -0.29026 0.41623 -0.21173 0.67466 0 0.70711
0.50646 -0.17851 0.72946 -0.23506 -0.66689 0 0.70711
-0.47537 0.45572 0.11223 0.48934 0.51043 0 0.70711
-0.87548 0.19046 0.6698 0.15031 0.69095 0 0.70711
0.62648 0.57435 0.48923 0.47784 -0.52122 0 0.70711
0.34866 0.7541 0.36439 0.64182 -0.29675 0 0.70711
-0.053396 -0.65008 0.25958 -0.70473 0.057885 0 0.70711
-0.94574 0.77287 0.85433 0.44745 0.54753 0 0.70711
0.8754 -0.5696 0.73246 -0.38565 -0.59269 0 0.70711
-0.98251 0.51084 0.56506 0.32619 0.62737 0 0.70711
0.9182 0.50973 0.12883 0.34321 -0.61823 0 0.70711
-0.54621 -0.60093 0.7818 -0.52325 0.47561 0 0.70711
-0.1238 -0.63032 0.3688 -0.69385 0.13628 0 0.70711
0.54628 0.086675 0.95475 0.11081 -0.69837 0 0.70711
0.76916 0.71948 0.83421 0.48305 -0.5164 0 0.70711
0.62855 -0.64355 0.20344 -0.50586 -0.49407 0 0.70711
0.37331 0.68912 0.89211 0.62174 -0.33681 0 0.70711
-0.9293 0.20936 0.30294 0.15541 0.68982 0 0.70711
-0.7488 -0.94497 0.78979 -0.5542 0.43916 0 0.70711
-0.42102 -0.48505 0.26061 -0.534 0.46351 0 0.70711
-0.46044 0.59879 0.71742 0.56055 0.43103 0 0.70711
0.89372 -0.19993 0.57597 -0.15437 -0.69005 0 0.70711
0.27778 -0.98155 0.91954 -0.68039 -0.19255 0 0.70711
-0.57713 -0.22702 0.69582 -0.25884 0.65803 0 0.70711
0.85702 0.12557 0.90776 0.10251 -0.69964 0 0.70711
-0.30869 -0.69018 0.43805 -0.64549 0.2887 0 0.70711
0.075426 0.8116 0.24707 0.70407 -0.065433 0 0.70711
-0.90866 -0.36181 0.17616 -0.26158 0.65694 0 0.70711
-0.42084 -0.46018 0.48876 -0.52181 0.47719 0 0.70711
0.90314 0.40347 0.010781 0.28842 -0.64561 0 0.70711
-0.19707 -0.52482 0.92688 -0.66198 0.24857 0 0.70711
-0.99153 0.010409 0.16373 0.007423 0.70707 0 0.70711
-0.90275 -0.91762 0.91951 -0.50407 0.4959 0 0.70711
-0.56575 -0.079802 0.4232 -0.098764 0.70018 0 0.70711
0.97977 -0.3295 0.33465 -0.2254 -0.67022 0 0.70711
-0.6724 -0.5836 0.020738 -0.46349 0.53402 0 0.70711
-0.24599 0.66567 0.0615 0.66327 0.2451 0 0.70711
0.36737 -0.97143 0.95745 -0.66139 -0.25012 0 0.70711
0.19363 -0.4696 0.8037 -0.65372 -0.26954 0 0.70711
-0.84104 0.51814 0.33229 0.37089 0.60203 0 0.70711
0.99904 -0.43181 0.72568 -0.28055 -0.64907 0 0.70711
-0.69537 -0.71004 0.32502 -0.50519 0.49476 0 0.70711
-0.43802 0.47874 0.14928 0.52169 0.47732 0 0.70711
-0.23908 0.97835 0.93963 0.68689 0.16786 0 0.70711
-0.85616 -0.048905 0.862 -0.040325 0.70596 0 0.70711
0.074254 -0.90269 0.9512 -0.70473 -0.05797 0 0.70711
0.76675 0.106 0.38621 0.096837 -0.70044 0 0.70711
-0.027424 -0.77555 0.49745 -0.70667 0.024988 0 0.70711
-0.83919 0.35803 0.041758 0.27748 0.65039 0 0.70711
-0.54465 0.94625 0.5718 0.61284 0.35274 0 0.70711
-0.71083 -0.30807 0.68483 -0.28118 0.6488 0 0.70711
-0.7321 0.27585 0.70159 0.24932 0.66169 0 0.70711
-0.51148 -0.63063 0.59438 -0.54918 0.44542 0 0.70711
-0.33195 -0.47182 0.68908 -0.57832 0.40687 0 0.70711
0.81265 -0.5997 0.60697 -0.41987 -0.56896 0 0.70711
-0.062248 -0.75223 0.42251 -0.7047 0.058315 0 0.70711
-0.38745 0.84022 0.25564 0.64212 0.2961 0 0.70711
-0.3249 0.66082 0.30064 0.63456 0.31199 0 0.70711
-0.86892 -0.30951 0.12204 -0.23727 0.66611 0 0.70711
-0.31115 0.72922 0.17256 0.65038 0.27751 0 0.70711
0.45706 0.50219 0.0038185 0.52294 -0.47595 0 0.70711
0.36716 -0.83798 0.75619 -0.64767 -0.28378 0 0.70711
0.77778 -0.54691 0.098334 -0.40673 -0.57842 0 0.70711
-0.22184 0.72285 0.77476 0.67599 0.20746 0 0.70711
-0.91698 0.92551 0.31751 0.50231 0.49768 0 0.70711
-0.7165 -0.15105 0.20542 -0.14586 0.6919 0 0.70711
0.15708 -0.66173 0.40082 -0.68799 -0.16332 0 0.70711
-0.62679 0.21027 0.37821 0.2249 0.67039 0 0.70711
0.92519 -0.57063 0.14256 -0.3712 -0.60184 0 0.70711
0.69586 -0.33999 0.44893 -0.31042 -0.63533 0 0.70711
-0.97448 0.58802 0.67131 0.36532 0.60542 0 0.70711
-0.44222 0.48372 0.6562 0.52189 0.47711 0 0.70711
-0.81111 -0.89503 0.21389 -0.52396 0.47483 0 0.70711
0.98468 0.59477 0.70479 0.3656 -0.60526 0 0.70711
-0.33271 0.56885 0.87937 0.61037 0.357 0 0.70711
0.95172 -0.081825 0.3782 -0.060571 -0.70451 0 0.70711
-0.97263 -0.13228 0.88911 -0.095292 0.70066 0 0.70711
0.20769 0.8137 0.32019 0.68514 -0.17487 0 0.70711
-0.61305 -0.42703 0.20531 -0.40416 0.58022 0 0.70711
-0.23262 0.55389 0.77314 0.65195 0.2738 0 0.70711
-0.9039 -0.18822 0.89204 -0.14415 0.69226 0 0.70711
-0.82099 -0.79709 0.50586 -0.49256 0.50733 0 0.70711
-0.59866 -0.48753 0.29222 -0.44651 0.5483 0 0.70711
0.81633 0.84494 0.99332 0.50854 -0.49132 0 0.70711
0.44338 0.96159 0.70915 0.64213 -0.29608 0 0.70711
0.15145 0.92719 0.37798 0.69786 -0.11399 0 0.70711
0.79795 0.074786 0.031019 0.065983 -0.70402 0 0.70711
0.72422 -0.2167 0.068129 -0.2027 -0.67743 0 0.70711
-0.22276 0.86896 0.61995 0.68496 0.17559 0 0.70711
-0.94613 -0.071585 0.83196 -0.053347 0.70509 0 0.70711
-0.9161 0.4103 0.88429 0.28903 0.64534 0 0.70711
-0.93774 0.30563 0.60699 0.21912 0.6723 0 0.70711
-0.80819 0.37883 0.03982 0.30012 0.64026 0 0.70711
0.53714 0.45258 0.82057 0.45562 -0.54075 0 0.70711
-0.30898 0.65093 0.49276 0.63879 0.30322 0 0.70711
-0.95439 0.55291 0.34526 0.35446 0.61185 0 0.70711
0.087098 -0.90014 0.12006 -0.70382 -0.068102 0 0.70711
0.68583 -0.56643 0.96827 -0.45028 -0.5452 0 0.70711
-0.79673 0.20085 0.19995 0.17285 0.68566 0 0.70711
0.59671 0.31817 0.26181 0.33269 -0.62395 0 0.70711
0.10464 -0.58166 0.38938 -0.69594 -0.1252 0 0.70711
-0.28262 0.78408 0.66798 0.66521 0.23978 0 0.70711
0.72173 0.37124 0.49742 0.32344 -0.6288 0 0.70711
0.29662 -0.57417 0.41655 -0.62823 -0.32455 0 0.70711
0.13138 -0.88775 0.62533 -0.69949 -0.10352 0 0.70711
0.803 -0.50607 0.58218 -0.37701 -0.59822 0 0.70711
0.74574 0.74945 0.19286 0.50124 -0.49876 0 0.70711
-0.72824 0.74781 0.16929 0.50658 0.49333 0 0.70711
0.10116 0.51727 0.88709 0.69396 -0.13571 0 0.70711
-0.60659 -0.85525 0.36559 -0.57676 0.40908 0 0.70711
-0.48545 -0.39734 0.37812 -0.44787 0.54719 0 0.70711
0.60075 0.66246 0.79347 0.5238 -0.47501 0 0.70711
0.31572 0.58117 0.32432 0.62134 -0.33754 0 0.70711
-0.51094 -0.38422 0.3067 -0.42498 0.56515 0 0.70711
-0.63175 -0.43888 0.76991 -0.40343 0.58073 0 0.70711
0.67472 -0.9927 0.7421 -0.58481 -0.39749 0 0.70711
-0.62575 -0.66569 0.66165 -0.51521 0.48431 0 0.70711
0.90715 -0.50303 0.70431 -0.34291 -0.61839 0 0.70711
0.68021 0.94064 0.45957 0.57299 -0.41435 0 0.70711
-0.99509 -0.00088612 0.38001 -0.00062967 0.70711 0 0.70711
0.91263 -0.58274 0.85363 -0.38055 -0.59597 0 0.70711
-0.33491 -0.50379 0.49682 -0.58886 0.39147 0 0.70711
0.59304 0.48232 0.13875 0.44616 -0.54858 0 0.70711
-0.88356 -0.059784 0.12188 -0.047736 0.70549 0 0.70711
-0.64779 0.30525 0.26341 0.30142 0.63965 0 0.70711
-0.6558 0.97044 0.14131 0.58587 0.39592 0 0.70711
0.51599 0.019784 0.43345 0.027092 -0.70659 0 0.70711
0.99455 0.52059 0.99381 0.32792 -0.62647 0 0.70711
0.047641 -0.9658 0.82371 -0.70625 -0.034837 0 0.70711
0.69183 -0.96504 0.54488 -0.57469 -0.41199 0 0.70711
-0.93177 0.33881 0.3398 0.24164 0.66454 0 0.70711
0.62281 -0.36857 0.69262 -0.36012 -0.60853 0 0.70711
0.73954 0.55062 0.2409 0.42228 -0.56717 0 0.70711
0.44223 0.41269 0.42217 0.48244 -0.51697 0 0.70711
-0.20461 0.82408 0.54429 0.68627 0.17039 0 0.70711
-0.60333 0.9705 0.4934 0.60052 0.37333 0 0.70711
0.8521 0.27768 0.40887 0.21909 -0.67231 0 0.70711
0.96988 0.94647 0.53993 0.49385 -0.50607 0 0.70711
0.19344 -0.78158 0.73152 -0.6864 -0.16988 0 0.70711
-0.03446 0.9764 0.55774 0.70667 0.024941 0 0.70711
-0.8692 -0.63255 0.13887 -0.41607 0.57174 0 0.70711
-0.23609 -0.82273 0.93712 -0.67968 0.19504 0 0.70711
0.34577 -0.63325 0.46641 -0.62062 -0.33887 0 0.70711
0.91901 0.00025076 0.38246 0.00019294 -0.70711 0 0.70711
-0.21116 0.56779 0.51475 0.66276 0.24648 0 0.70711
-0.46497 -0.1994 0.032888 -0.27869 0.64987 0 0.70711
-0.33679 -0.76318 0.67378 -0.64692 0.28548 0 0.70711
0.39595 0.9044 0.45242 0.64775 -0.28359 0 0.70711
-0.34256 -0.48837 0.22416 -0.57889 0.40606 0 0.70711
0.52872 -0.34894 0.2658 -0.3895 -0.59016 0 0.70711
-0.63669 -0.59215 0.69428 -0.48156 0.51778 0 0.70711
0.38728 -0.45941 0.70086 -0.54064 -0.45575 0 0.70711
0.57353 -0.77917 0.24554 -0.56947 -0.41917 0 0.70711
-0.4787 0.16976 0.10256 0.23634 0.66644 0 0.70711
0.77747 0.92661 0.9913 0.54169 -0.4545 0 0.70711
-0.76318 -0.2716 0.83901 -0.23708 0.66618 0 0.70711
-0.9858 -0.0030598 0.18681 -0.0021948 0.7071 0 0.70711
0.51935 -0.37957 0.20718 -0.41723 -0.57089 0 0.70711
0.41742 -0.64627 0.6235 -0.59398 -0.38364 0 0.70711
0.53112 -0.56212 0.73824 -0.51397 -0.48563 0 0.70711
-0.5424 0.065083 0.082504 0.084241 0.70207 0 0.70711
-0.38712 0.9497 0.6775 0.6548 0.26691 0 0.70711
-0.9606 -0.18472 0.91666 -0.13353 0.69439 0 0.70711
-0.89044 0.33165 0.62267 0.2468 0.66264 0 0.70711
-0.47032 -0.93833 0.74274 -0.63215 0.31685 0 0.70711
0.90627 -0.92077 0.33196 -0.50395 -0.49602 0 0.70711
0.84195 -0.45861 0.82882 -0.33824 -0.62096 0 0.70711
0.40927 -0.80805 0.029214 -0.63081 -0.3195 0 0.70711
-0.46546 0.28501 0.31672 0.36925 0.60304 0 0.70711
-0.6867 -0.21568 0.40601 -0.21188 0.67462 0 0.70711
-0.69338 0.30188 0.20737 0.28226 0.64833 0 0.70711
0.63123 -0.39238 0.71835 -0.3733 -0.60054 0 0.70711
-0.66077 -0.81664 0.50205 -0.5497 0.44478 0 0.70711
-0.94527 0.5285 0.30308 0.34507 0.61719 0 0.70711
-0.92317 0.2864 0.75633 0.20952 0.67535 0 0.70711
0.58342 -0.84922 0.11311 -0.58282 -0.4004 0 0.70711
-0.36019 -0.46805 0.3784 -0.56038 0.43125 0 0.70711
-0.44841 -0.41473 0.42732 -0.48012 0.51912 0 0.70711
0.94646 -0.54864 0.91764 -0.35462 -0.61175 0 0.70711
-0.94756 -0.48481 0.89852 -0.32207 0.6295 0 0.70711
0.6557 -0.10768 0.16324 -0.11459 -0.69776 0 0.70711
-0.98697 -0.83734 0.69346 -0.45746 0.5392 0 0.70711
-0.18738 -0.63378 0.2812 -0.67809 0.20049 0 0.70711
0.95336 0.49599 0.014855 0.32635 -0.62729 0 0.70711
-0.064634 0.89408 0.91279 0.70527 0.050984 0 0.70711
0.53128 0.28218 0.67822 0.33169 -0.62449 0 0.70711
0.90555 0.22862 0.88161 0.17309 -0.6856 0 0.70711
-0.27387 0.81302 0.24799 0.67011 0.22573 0 0.70711
0.21773 0.78988 0.32242 0.68168 -0.1879 0 0.70711
0.60908 0.76445 0.73285 0.55303 -0.44063 0 0.70711
0.60583 -0.87223 0.062556 -0.58076 -0.40338 0 0.70711
0.82485 0.63591 0.14352 0.43173 -0.56001 0 0.70711
-0.95918 -0.69687 0.65257 -0.41562 0.57207 0 0.70711
-0.33745 -0.70294 0.3405 -0.63746 0.30601 0 0.70711
0.85116 -0.1377 0.34712 -0.11293 -0.69803 0 0.70711
0.87098 -0.93576 0.66985 -0.51759 -0.48176 0 0.70711
0.94456 0.90693 0.86664 0.48973 -0.51006 0 0.70711
-0.88616 0.87145 0.038081 0.4958 0.50417 0 0.70711
0.54399 -0.4257 0.40251 -0.43578 -0.55687 0 0.70711
-0.53404 -0.71851 0.4236 -0.56751 0.42181 0 0.70711
0.49728 -0.57209 0.33643 -0.53367 -0.46389 0 0.70711
-0.98956 0.20822 0.7779 0.1456 0.69195 0 0.70711
0.88599 -0.60928 0.38307 -0.40067 -0.58263 0 0.70711
