48
0.89869 0.35686 0.33832 0.26096 -0.65719 0 0.70711
0.63073 0.51212 0.57041 0.44572 -0.54894 0 0.70711
0.67128 0.94628 0.99641 0.57673 -0.40912 0 0.70711
0.72884 0.88948 0.67425 0.54694 -0.44817 0 0.70711
-0.15879 -0.56839 0.99749 -0.68103 0.19026 0 0.70711
-0.022453 -0.95024 0.32398 -0.70691 0.016704 0 0.70711
-0.637 0.18537 0.71853 0.19757 0.67894 0 0.70711
0.61258 -0.61485 0.15147 -0.50092 -0.49908 0 0.70711
0.21019 -0.94833 0.23197 -0.69035 -0.15301 0 0.70711
-0.96463 -0.087665 0.97378 -0.063998 0.7042 0 0.70711
0.74156 -0.82882 0.30124 -0.52697 -0.47149 0 0.70711
0.49668 0.30882 0.72931 0.37337 -0.6005 0 0.70711
0.62906 -0.81302 0.083411 -0.55925 -0.43271 0 0.70711
-0.32128 -0.80371 0.55765 -0.65659 0.26247 0 0.70711
0.74245 0.77569 0.95172 0.51082 -0.48894 0 0.70711
0.21089 0.79148 0.94999 0.68327 -0.18205 0 0.70711
0.74185 0.098448 0.16697 0.093022 -0.70096 0 0.70711
-0.70147 0.19524 0.94419 0.1896 0.68121 0 0.70711
0.69309 0.0059766 0.9683 0.0060972 -0.70708 0 0.70711
0.67956 -0.23461 0.71294 -0.23076 -0.66839 0 0.70711
-0.35313 -0.58215 0.56725 -0.60457 0.36673 0 0.70711
-0.35336 0.63671 0.24228 0.61827 0.34313 0 0.70711
-0.56654 -0.44921 0.95527 -0.43932 0.55407 0 0.70711
-0.13695 -0.82776 0.66958 -0.69762 0.11542 0 0.70711
0.95453 -0.95661 0.84714 -0.50054 -0.49946 0 0.70711
0.84197 0.8342 0.7548 0.49768 -0.50231 0 0.70711
0.97049 -0.8919 0.94255 -0.47848 -0.52063 0 0.70711
-0.8038 0.99045 0.93286 0.54905 0.44558 0 0.70711
0.10637 -0.81354 0.10663 -0.70114 -0.091674 0 0.70711
0.78058 0.0048264 0.047125 0.004372 -0.70709 0 0.70711
-0.97478 0.38265 0.52293 0.25838 0.65821 0 0.70711
0.70586 0.25958 0.96436 0.24406 -0.66365 0 0.70711
-0.22461 0.63738 0.90214 0.66691 0.23501 0 0.70711
0.57913 0.5046 0.45158 0.46452 -0.53313 0 0.70711
-0.65102 -0.66253 0.37792 -0.50436 0.4956 0 0.70711
-0.96201 0.28843 0.69591 0.20307 0.67732 0 0.70711
0.7589 0.80071 0.9011 0.51322 -0.48642 0 0.70711
-0.57474 -0.9213 0.12072 -0.59994 0.37427 0 0.70711
0.2791 -0.7209 0.84457 -0.65941 -0.2553 0 0.70711
0.70865 0.57355 0.19311 0.44485 -0.54964 0 0.70711
0.52233 -0.91212 0.3947 -0.61362 -0.35139 0 0.70711
-0.75694 0.56479 0.94073 0.42286 0.56673 0 0.70711
-0.65444 -0.72518 0.93505 -0.52495 0.47374 0 0.70711
0.66129 -0.60111 0.26266 -0.47562 -0.52324 0 0.70711
-0.67467 0.46629 0.80146 0.40203 0.5817 0 0.70711
-0.78066 -0.78101 0.99705 -0.50011 0.49989 0 0.70711
0.88925 -0.2114 0.34936 -0.16354 -0.68793 0 0.70711
0.67958 -0.082583 0.7934 -0.0853 -0.70194 0 0.70711
