864
0.9555 -0.95864 0.96749 -0.50082 -0.49918 0 0.70711
0.84 0.37223 0.71013 0.28647 -0.64648 0 0.70711
-0.56412 0.84191 0.19462 0.58743 0.39361 0 0.70711
-0.93546 0.80884 0.17153 0.46249 0.53489 0 0.70711
-0.98606 -0.65713 0.84001 -0.39213 0.58842 0 0.70711
-0.5579 0.36414 0.8084 0.38649 0.59214 0 0.70711
-0.55239 0.49875 0.54006 0.47387 0.52483 0 0.70711
-0.34878 -0.49783 0.28366 -0.57912 0.40573 0 0.70711
0.16742 -0.75604 0.21675 -0.69038 -0.15288 0 0.70711
0.24552 -0.46668 0.27655 -0.62579 -0.32922 0 0.70711
-0.12574 0.69227 0.88106 0.69572 0.12637 0 0.70711
0.67932 0.42215 0.84854 0.37322 -0.60059 0 0.70711
0.48374 0.24649 0.79215 0.32103 -0.63003 0 0.70711
-0.86783 0.24168 0.55384 0.1897 0.68119 0 0.70711
0.2212 -0.95486 0.49823 -0.68887 -0.15958 0 0.70711
0.74366 0.783 0.17666 0.51271 -0.48695 0 0.70711
-0.93203 -0.61512 0.57586 -0.38949 0.59016 0 0.70711
0.16986 0.96009 0.10544 0.69629 -0.12319 0 0.70711
0.79038 -0.092745 0.4746 -0.082408 -0.70229 0 0.70711
0.60378 -0.70579 0.046505 -0.53732 -0.45966 0 0.70711
0.67233 -0.48897 0.015368 -0.4159 -0.57186 0 0.70711
-0.59145 0.44132 0.41638 0.42287 0.56673 0 0.70711
0.45193 0.9834 0.48987 0.64251 -0.29527 0 0.70711
-0.77856 -0.1656 0.23817 -0.14711 0.69164 0 0.70711
0.69205 0.59062 0.54941 0.45903 -0.53786 0 0.70711
-0.91861 -0.5881 0.58748 -0.38125 0.59552 0 0.70711
-0.22806 0.63644 0.53481 0.66566 0.23853 0 0.70711
-0.37879 0.9532 0.10955 0.65712 0.26113 0 0.70711
-0.80265 -0.84326 0.82635 -0.51218 0.48752 0 0.70711
0.87889 -0.99945 0.073264 -0.531 -0.46695 0 0.70711
-0.4541 -0.86562 0.96329 -0.62618 0.32849 0 0.70711
0.90351 -0.20852 0.18133 -0.15901 -0.689 0 0.70711
-0.091499 0.805 0.26678 0.70258 0.079858 0 0.70711
0.76802 -0.078413 0.32142 -0.071821 -0.70345 0 0.70711
0.39998 -0.65894 0.19362 -0.60446 -0.36691 0 0.70711
-0.51069 -0.6339 0.81579 -0.55064 0.44361 0 0.70711
-0.74462 0.5085 0.43135 0.39877 0.58393 0 0.70711
0.93989 0.13566 0.47094 0.10101 -0.69985 0 0.70711
-0.44646 -0.34005 0.2937 -0.42845 0.56252 0 0.70711
-0.96878 0.53165 0.4741 0.34019 0.6199 0 0.70711
0.22678 0.70037 0.7229 0.67272 -0.21783 0 0.70711
0.31413 0.64014 0.51923 0.63479 -0.31151 0 0.70711
0.24768 -0.71999 0.32071 -0.66865 -0.23001 0 0.70711
0.88802 -0.54067 0.25195 -0.36773 -0.60397 0 0.70711
-0.98387 0.89006 0.41348 0.47437 0.52438 0 0.70711
-0.91343 0.91162 0.40791 0.4995 0.5005 0 0.70711
0.5273 0.67327 0.41712 0.55669 -0.43599 0 0.70711
-0.0066836 -0.79333 0.3196 -0.70708 0.005957 0 0.70711
0.32014 0.52106 0.83442 0.60248 -0.37016 0 0.70711
0.56085 -0.032246 0.70481 -0.040588 -0.70594 0 0.70711
0.36542 0.82129 0.65203 0.64604 -0.28745 0 0.70711
-0.85372 -0.56813 0.56787 -0.39174 0.58867 0 0.70711
0.77213 0.95616 0.67623 0.55013 -0.44425 0 0.70711
0.62078 0.89575 0.17442 0.58118 -0.40278 0 0.70711
-0.31015 0.85638 0.56127 0.66485 0.24079 0 0.70711
-0.48166 -0.26851 0.24121 -0.3443 0.61762 0 0.70711
-0.023892 -0.72168 0.96157 -0.70672 0.023397 0 0.70711
-0.85558 -0.4682 0.16913 -0.33945 0.6203 0 0.70711
-0.84104 0.63714 0.327 0.42699 0.56363 0 0.70711
-0.82298 0.90869 0.45998 0.5241 0.47467 0 0.70711
-0.20536 -0.97823 0.49515 -0.69202 0.14527 0 0.70711
-0.46349 0.91677 0.17278 0.63104 0.31903 0 0.70711
-0.83021 0.83356 0.83255 0.50101 0.49899 0 0.70711
0.7896 -0.95845 0.35017 -0.54576 -0.44961 0 0.70711
0.98433 -0.53255 0.89595 -0.33648 -0.62192 0 0.70711
0.40147 0.61046 0.10287 0.5908 -0.38854 0 0.70711
-0.15878 0.97295 0.2532 0.69788 0.11389 0 0.70711
-0.87831 0.22487 0.24778 0.17538 0.68501 0 0.70711
0.37314 0.61842 0.065205 0.60544 -0.3653 0 0.70711
0.4667 -0.31073 0.47349 -0.39188 -0.58858 0 0.70711
0.90936 0.17723 0.66871 0.13527 -0.69405 0 0.70711
0.58808 0.073801 0.16087 0.088047 -0.7016 0 0.70711
0.7713 0.29279 0.34103 0.25095 -0.66108 0 0.70711
-0.60441 -0.29969 0.72075 -0.31412 0.63351 0 0.70711
0.58068 -0.065831 0.16429 -0.079654 -0.70261 0 0.70711
-0.24439 0.76741 0.99763 0.67377 0.21457 0 0.70711
0.56308 -0.60013 0.28112 -0.51567 -0.48383 0 0.70711
0.084486 -0.84339 0.53926 -0.70359 -0.070481 0 0.70711
-0.57447 -0.52272 0.87598 -0.47589 0.523 0 0.70711
0.49803 -0.21729 0.52888 -0.28277 -0.64811 0 0.70711
-0.51051 0.48447 0.014737 0.48675 0.51291 0 0.70711
-0.045253 0.87279 0.63895 0.70616 0.036613 0 0.70711
-0.49577 -0.3231 0.19333 -0.38608 0.5924 0 0.70711
-0.21571 -0.65772 0.60771 -0.6719 0.22035 0 0.70711
0.82372 0.96985 0.58673 0.53895 -0.45775 0 0.70711
0.84379 0.1103 0.72815 0.091651 -0.70114 0 0.70711
-0.3842 -0.96636 0.23506 -0.65708 0.26124 0 0.70711
0.75185 -0.42425 0.021197 -0.3475 -0.61583 0 0.70711
0.80116 0.044024 0.57605 0.038797 -0.70604 0 0.70711
-0.21842 -0.70834 0.37046 -0.67571 0.20836 0 0.70711
-0.86072 0.46967 0.74414 0.3387 0.62071 0 0.70711
0.31317 -0.74968 0.28476 -0.65247 -0.27256 0 0.70711
-0.70957 0.73677 0.81725 0.50931 0.49051 0 0.70711
0.30287 0.68355 0.38566 0.64649 -0.28645 0 0.70711
0.79456 0.69601 0.59376 0.46593 -0.5319 0 0.70711
-0.97206 0.35712 0.016042 0.24384 0.66373 0 0.70711
0.12154 0.994 0.16738 0.70188 -0.085824 0 0.70711
0.57503 -0.17589 0.30848 -0.20683 -0.67618 0 0.70711
-0.18913 -0.48147 0.29294 -0.65815 0.25853 0 0.70711
0.80663 -0.62778 0.98813 -0.43429 -0.55802 0 0.70711
-0.72159 0.74163 0.6255 0.5068 0.49311 0 0.70711
-0.23814 -0.77525 0.40615 -0.67593 0.20763 0 0.70711
-0.50405 0.38674 0.88151 0.43044 0.561 0 0.70711
0.8975 0.3226 0.44811 0.23918 -0.66543 0 0.70711
0.62635 -0.2077 0.72265 -0.22256 -0.67117 0 0.70711
0.56364 0.24515 0.30005 0.28203 -0.64843 0 0.70711
-0.18867 0.70648 0.91152 0.68316 0.18245 0 0.70711
-0.65476 0.13376 0.59125 0.14153 0.6928 0 0.70711
-0.2635 0.65234 0.52536 0.65564 0.26484 0 0.70711
0.1624 -0.76777 0.67799 -0.6918 -0.14633 0 0.70711
-0.86425 0.56952 0.067922 0.38908 0.59044 0 0.70711
0.65732 -0.4142 0.67732 -0.37697 -0.59824 0 0.70711
0.32829 0.77529 0.8524 0.65114 -0.27572 0 0.70711
0.0016658 -0.79501 0.72447 -0.70711 -0.0014816 0 0.70711
-0.19121 0.81322 0.61513 0.68834 0.16184 0 0.70711
0.40187 0.83854 0.70573 0.63766 -0.3056 0 0.70711
0.28903 -0.75057 0.57762 -0.65987 -0.25411 0 0.70711
0.58701 -0.80568 0.58563 -0.5715 -0.41639 0 0.70711
-0.80741 0.25644 0.90947 0.21405 0.67393 0 0.70711
-0.53489 -0.39148 0.49974 -0.41762 0.57061 0 0.70711
-0.29548 -0.6409 0.84676 -0.64214 0.29606 0 0.70711
-0.46647 -0.51177 0.4975 -0.52259 0.47634 0 0.70711
-0.842 0.3025 0.29538 0.23908 0.66546 0 0.70711
0.12563 -0.65982 0.067892 -0.69463 -0.13226 0 0.70711
-0.96489 0.6104 0.53985 0.37803 0.59757 0 0.70711
0.85259 0.042306 0.67669 0.035044 -0.70624 0 0.70711
0.23457 -0.49166 0.58026 -0.6382 -0.30448 0 0.70711
0.68023 -0.23406 0.17092 -0.23007 -0.66863 0 0.70711
0.55264 0.49825 0.84551 0.47349 -0.52518 0 0.70711
-0.93347 0.1013 0.080142 0.076285 0.70298 0 0.70711
-0.52254 0.076868 0.57298 0.10291 0.69958 0 0.70711
0.64518 -0.58933 0.25985 -0.47689 -0.52208 0 0.70711
-0.89408 0.80582 0.31904 0.4734 0.52525 0 0.70711
-0.39607 -0.37121 0.27735 -0.48355 0.51593 0 0.70711
-0.94517 0.83224 0.7542 0.46729 0.5307 0 0.70711
0.80349 0.81937 0.85288 0.50487 -0.49508 0 0.70711
-0.86122 0.79034 0.79536 0.4781 0.52098 0 0.70711
-0.89285 0.6047 0.63074 0.39652 0.58547 0 0.70711
-0.84937 0.51948 0.50927 0.36894 0.60323 0 0.70711
-0.43632 0.91715 0.21043 0.63853 0.30377 0 0.70711
-0.96222 0.54236 0.54512 0.34721 0.61599 0 0.70711
-0.0016497 0.91361 0.93195 0.70711 0.0012768 0 0.70711
-0.51405 0.15617 0.36497 0.20555 0.67657 0 0.70711
0.47518 0.98635 0.41096 0.63704 -0.3069 0 0.70711
0.80587 -0.43385 0.81949 -0.33519 -0.62261 0 0.70711
0.53833 0.29866 0.33671 0.34304 -0.61832 0 0.70711
-0.2062 -0.89008 0.30572 -0.68886 0.15959 0 0.70711
-0.34275 -0.95672 0.27909 -0.66568 0.23848 0 0.70711
0.43136 0.55599 0.087464 0.55868 -0.43344 0 0.70711
0.61873 0.53486 0.13926 0.46243 -0.53494 0 0.70711
0.37767 -0.86312 0.4685 -0.64781 -0.28346 0 0.70711
0.13514 0.72654 0.81687 0.69518 -0.12931 0 0.70711
0.19256 0.59187 0.5708 0.67241 -0.21877 0 0.70711
0.34294 0.94016 0.66522 0.66429 -0.24231 0 0.70711
-0.63901 0.38243 0.53339 0.36312 0.60675 0 0.70711
0.87792 -0.4925 0.15809 -0.34596 -0.6167 0 0.70711
-0.61862 -0.78997 0.40234 -0.55672 0.43597 0 0.70711
0.85253 0.79945 0.26929 0.48369 -0.5158 0 0.70711
0.29382 -0.89268 0.61264 -0.67166 -0.22107 0 0.70711
-0.58987 0.63552 0.64899 0.51827 0.48104 0 0.70711
-0.36147 -0.77869 0.27242 -0.64137 0.29773 0 0.70711
-0.66575 0.33879 0.22216 0.3207 0.6302 0 0.70711
0.16109 -0.99583 0.70273 -0.69803 -0.11292 0 0.70711
0.95558 0.95901 0.417 0.50089 -0.49911 0 0.70711
-0.77048 0.59719 0.38434 0.43319 0.55888 0 0.70711
-0.52618 -0.99204 0.60638 -0.62467 0.33133 0 0.70711
0.55863 0.62696 0.26794 0.52794 -0.4704 0 0.70711
-0.71189 0.070363 0.68846 0.069552 0.70368 0 0.70711
-0.57509 0.71228 0.16396 0.55017 0.4442 0 0.70711
0.9548 0.28458 0.77938 0.20198 -0.67765 0 0.70711
0.71332 0.27935 0.63822 0.25785 -0.65842 0 0.70711
0.44731 -0.49234 0.49709 -0.52336 -0.47549 0 0.70711
-0.88371 -0.8969 0.076981 -0.50369 0.49628 0 0.70711
-0.54488 -0.83698 0.17329 -0.5926 0.38578 0 0.70711
0.7713 -0.36458 0.54455 -0.30218 -0.63929 0 0.70711
-0.74503 -0.028311 0.44127 -0.02685 0.7066 0 0.70711
0.91382 -0.63328 0.37538 -0.40277 -0.58119 0 0.70711
-0.54903 0.97676 0.81107 0.6164 0.34648 0 0.70711
0.31838 0.90801 0.77769 0.66728 -0.23397 0 0.70711
-0.47961 0.46207 0.92946 0.4906 0.50923 0 0.70711
0.65677 0.47153 0.46527 0.41239 -0.5744 0 0.70711
-0.33597 0.92518 0.64432 0.66464 0.24136 0 0.70711
-0.65082 -0.63073 0.45304 -0.4921 0.50778 0 0.70711
-0.88594 0.89284 0.15981 0.50193 0.49806 0 0.70711
-0.30271 -0.55943 0.15624 -0.6219 0.33651 0 0.70711
0.85553 0.73318 0.76008 0.46013 -0.53692 0 0.70711
0.7615 -0.26232 0.038049 -0.2303 -0.66855 0 0.70711
0.29509 -0.67608 0.30617 -0.64807 -0.28286 0 0.70711
0.75305 0.048946 0.95001 0.045863 -0.70562 0 0.70711
-0.19207 0.46921 0.79623 0.6544 0.26788 0 0.70711
-0.88995 0.48943 0.7884 0.34074 0.61959 0 0.70711
-0.77566 0.030285 0.02238 0.027587 0.70657 0 0.70711
-0.83576 0.50985 0.95232 0.36825 0.60365 0 0.70711
0.98384 -0.97224 0.13169 -0.49703 -0.50295 0 0.70711
0.83276 -0.099291 0.96276 -0.083716 -0.70213 0 0.70711
-0.19929 -0.90103 0.17178 -0.69042 0.1527 0 0.70711
0.45686 0.84872 0.80139 0.62263 -0.33516 0 0.70711
-0.53895 0.23501 0.19087 0.28264 0.64816 0 0.70711
0.7417 -0.1824 0.96993 -0.16886 -0.68665 0 0.70711
-0.80385 0.70658 0.20859 0.46683 0.5311 0 0.70711
-0.6835 -0.58507 0.27359 -0.45982 0.53718 0 0.70711
0.8281 -0.43398 0.97018 -0.32823 -0.62631 0 0.70711
0.37232 0.65678 0.001997 0.61514 -0.34871 0 0.70711
0.3903 -0.62679 0.38252 -0.60025 -0.37377 0 0.70711
0.98572 -0.69638 0.14239 -0.408 -0.57752 0 0.70711
-0.69378 -0.80856 0.54276 -0.53664 0.46046 0 0.70711
0.93568 0.086847 0.9368 0.06535 -0.70408 0 0.70711
0.41035 0.94494 0.098452 0.64859 -0.28166 0 0.70711
0.72326 -0.098599 0.25912 -0.095513 -0.70063 0 0.70711
-0.40794 -0.85524 0.083334 -0.63822 0.30442 0 0.70711
-0.6069 -0.85229 0.26452 -0.576 0.41016 0 0.70711
-0.6528 0.89841 0.90796 0.57204 0.41565 0 0.70711
0.32139 -0.95077 0.79634 -0.66987 -0.22644 0 0.70711
0.45438 -0.25543 0.09604 -0.3465 -0.61639 0 0.70711
0.98842 -0.051167 0.20223 -0.036555 -0.70616 0 0.70711
0.96903 0.2358 0.94926 0.16719 -0.68706 0 0.70711
0.59908 0.96484 0.68296 0.60073 -0.373 0 0.70711
0.21474 -0.74748 0.81607 -0.67962 -0.19525 0 0.70711
-0.071853 -0.77952 0.40354 -0.70412 0.064904 0 0.70711
0.57107 -0.17307 0.73528 -0.20508 -0.67671 0 0.70711
0.74529 0.98211 0.58306 0.56328 -0.42745 0 0.70711
-0.30797 0.66147 0.68821 0.64103 0.29846 0 0.70711
0.4899 -0.40184 0.37994 -0.44844 -0.54672 0 0.70711
0.45885 0.79473 0.1508 0.61237 -0.35356 0 0.70711
-0.82319 -0.56048 0.89258 -0.39796 0.58449 0 0.70711
-0.92044 -0.046461 0.65861 -0.035647 0.70621 0 0.70711
-0.25759 0.89679 0.055091 0.67963 0.19521 0 0.70711
-0.41188 -0.63368 0.6558 -0.59287 0.38536 0 0.70711
0.60299 -0.9339 0.13937 -0.59404 -0.38355 0 0.70711
-0.71928 -0.69467 0.80952 -0.49123 0.50862 0 0.70711
0.44033 -0.67815 0.56076 -0.59306 -0.38508 0 0.70711
-0.90243 -0.61418 0.24312 -0.39785 0.58457 0 0.70711
0.73375 0.25773 0.44686 0.23434 -0.66715 0 0.70711
-0.55548 0.79687 0.4154 0.58008 0.40436 0 0.70711
-0.38927 0.40025 0.42797 0.5069 0.493 0 0.70711
-0.57423 -0.71313 0.26247 -0.55075 0.44348 0 0.70711
0.47873 -0.50683 0.10648 -0.51405 -0.48555 0 0.70711
-0.71453 0.96637 0.17158 0.56856 0.4204 0 0.70711
-0.57262 0.36298 0.33586 0.37857 0.59723 0 0.70711
-0.87002 0.66333 0.39739 0.42873 0.56231 0 0.70711
0.55708 -0.042045 0.026388 -0.053217 -0.7051 0 0.70711
-0.65048 -0.18485 0.46929 -0.19329 0.68018 0 0.70711
-0.60204 0.11295 0.068833 0.13039 0.69498 0 0.70711
-0.045815 -0.77599 0.048754 -0.70588 0.041675 0 0.70711
0.28751 0.99417 0.10921 0.67927 -0.19644 0 0.70711
0.509 0.32598 0.49728 0.38135 -0.59546 0 0.70711
0.50904 -0.70491 0.5462 -0.57326 -0.41397 0 0.70711
0.79501 -0.66004 0.3082 -0.45168 -0.54404 0 0.70711
-0.98423 -0.98121 0.60976 -0.49923 0.50077 0 0.70711
-0.82731 -0.53699 0.47529 -0.38498 0.59312 0 0.70711
-0.96471 -0.15866 0.18698 -0.11475 0.69773 0 0.70711
0.71511 -0.3096 0.88259 -0.28093 -0.6489 0 0.70711
0.62647 0.13993 0.053025 0.15414 -0.6901 0 0.70711
-0.34284 -0.82459 0.083745 -0.65292 0.27147 0 0.70711
0.69783 0.39885 0.30577 0.35088 -0.61391 0 0.70711
-0.8586 0.13654 0.91424 0.11105 0.69833 0 0.70711
-0.32761 0.93292 0.47759 0.66717 0.23428 0 0.70711
-0.96533 -0.9164 0.99468 -0.48683 0.51283 0 0.70711
0.42504 -0.26862 0.14688 -0.37777 -0.59774 0 0.70711
0.95143 0.4454 0.2288 0.2998 -0.64041 0 0.70711
-0.35589 -0.3931 0.65404 -0.52419 0.47458 0 0.70711
0.072245 0.88096 0.10901 0.70474 -0.057794 0 0.70711
0.064562 -0.80889 0.54336 -0.70487 -0.05626 0 0.70711
-0.0016036 -0.91144 0.041526 -0.70711 0.0012441 0 0.70711
-0.91038 -0.59615 0.54098 -0.38737 0.59156 0 0.70711
-0.27831 -0.49768 0.014488 -0.61716 0.34513 0 0.70711
-0.07016 -0.701 0.32896 -0.70359 0.070419 0 0.70711
-0.20693 -0.89968 0.56283 -0.68911 0.1585 0 0.70711
0.38459 -0.92152 0.50772 -0.65256 -0.27234 0 0.70711
-0.60275 -0.37305 0.39868 -0.37213 0.60126 0 0.70711
0.62482 0.86255 0.49567 0.57265 -0.41482 0 0.70711
0.67219 0.53731 0.47301 0.4415 -0.55234 0 0.70711
-0.60192 -0.43566 0.90011 -0.4146 0.57281 0 0.70711
0.81327 0.60444 0.68414 0.4218 -0.56753 0 0.70711
0.56661 -0.87875 0.14885 -0.59428 -0.38318 0 0.70711
0.6318 -0.28358 0.8244 -0.28955 -0.64511 0 0.70711
0.86556 0.12754 0.66977 0.10308 -0.69955 0 0.70711
-0.17043 -0.77332 0.0082611 -0.69054 0.15218 0 0.70711
0.64157 -0.23724 0.67712 -0.24524 -0.66322 0 0.70711
0.58105 -0.8631 0.11955 -0.58657 -0.39489 0 0.70711
0.98643 -0.11361 0.36748 -0.080908 -0.70246 0 0.70711
0.14684 -0.85687 0.57762 -0.69695 -0.11944 0 0.70711
-0.78461 0.49888 0.41281 0.3794 0.5967 0 0.70711
-0.96748 0.6551 0.013431 0.39646 0.58551 0 0.70711
0.11278 0.58494 0.17348 0.69432 -0.13387 0 0.70711
-0.096215 -0.97149 0.69098 -0.70366 0.06969 0 0.70711
-0.44522 -0.61271 0.30683 -0.57203 0.41567 0 0.70711
0.97737 0.39748 0.43038 0.26638 -0.65501 0 0.70711
-0.75522 0.86785 0.49305 0.53341 0.46419 0 0.70711
-0.41182 -0.91081 0.20938 -0.64431 0.29132 0 0.70711
-0.3479 -0.39157 0.17078 -0.5286 0.46966 0 0.70711
0.74087 0.60238 0.10461 0.44609 -0.54864 0 0.70711
0.87441 0.50661 0.92143 0.35448 -0.61184 0 0.70711
0.70189 0.68698 0.73063 0.4946 -0.50534 0 0.70711
0.52377 -0.2467 0.96722 -0.3013 -0.6397 0 0.70711
0.49808 -0.17256 0.68013 -0.23147 -0.66815 0 0.70711
-0.25257 0.98777 0.026483 0.68507 0.17517 0 0.70711
-0.12138 -0.96576 0.21977 -0.70159 0.088176 0 0.70711
0.96587 -0.98176 0.80593 -0.50406 -0.4959 0 0.70711
-0.44522 0.97007 0.9196 0.64265 0.29495 0 0.70711
-0.15624 0.64258 0.75347 0.68709 0.16706 0 0.70711
-0.65288 -0.74959 0.68753 -0.53321 0.46442 0 0.70711
-0.92375 0.78422 0.88827 0.45763 0.53905 0 0.70711
-0.631 0.74459 0.99572 0.53945 0.45716 0 0.70711
0.25587 -0.88013 0.28947 -0.679 -0.19739 0 0.70711
0.87914 0.66023 0.36473 0.42462 -0.56542 0 0.70711
0.38957 -0.9455 0.16765 -0.65379 -0.26938 0 0.70711
0.51246 -0.52524 0.78309 -0.50612 -0.4938 0 0.70711
0.82446 0.82653 0.17012 0.50063 -0.49937 0 0.70711
0.040986 -0.99515 0.27177 -0.70651 -0.029098 0 0.70711
0.38423 0.96008 0.8521 0.65649 -0.26273 0 0.70711
-0.64422 0.99148 0.27692 0.59293 0.38527 0 0.70711
0.39769 -0.36997 0.021276 -0.48163 -0.51772 0 0.70711
0.83811 -0.86434 0.72912 -0.50764 -0.49224 0 0.70711
0.23027 -0.82165 0.060069 -0.68087 -0.19082 0 0.70711
0.9445 -0.15332 0.62912 -0.1133 -0.69797 0 0.70711
0.3447 0.83858 0.15078 0.65401 -0.26883 0 0.70711
0.73919 -0.58725 0.46344 -0.43985 -0.55365 0 0.70711
-0.58065 0.24106 0.47473 0.27112 0.65306 0 0.70711
-0.74943 0.0035739 0.64814 0.003372 0.7071 0 0.70711
-0.0093436 0.6075 0.69765 0.70702 0.010874 0 0.70711
-0.79138 -0.27701 0.98907 -0.23361 0.6674 0 0.70711
-0.70513 -0.62572 0.32654 -0.46933 0.52889 0 0.70711
0.86243 -0.5088 0.8771 -0.3593 -0.60902 0 0.70711
-0.42526 0.75537 0.37009 0.61617 0.34689 0 0.70711
0.44591 0.75742 0.40649 0.60935 -0.35874 0 0.70711
0.65805 0.44976 0.26429 0.399 -0.58378 0 0.70711
-0.67036 0.91259 0.66484 0.56988 0.41862 0 0.70711
0.7512 -0.54131 0.11224 -0.41339 -0.57368 0 0.70711
0.55013 0.48201 0.50324 0.46598 -0.53184 0 0.70711
0.013552 0.92345 0.10761 0.70703 -0.010376 0 0.70711
0.58289 -0.59626 0.48649 -0.50564 -0.4943 0 0.70711
0.27624 0.87034 0.4346 0.67397 -0.21391 0 0.70711
-0.91259 0.95935 0.15192 0.51233 0.48736 0 0.70711
0.84308 -0.90322 0.11584 -0.51691 -0.4825 0 0.70711
-0.021883 -0.9844 0.027854 -0.70693 0.015715 0 0.70711
-0.566 0.87723 0.7829 0.59416 0.38337 0 0.70711
0.62618 0.41729 0.57584 0.39213 -0.58842 0 0.70711
-0.38422 -0.81491 0.7986 -0.63958 0.30155 0 0.70711
-0.4658 -0.34462 0.86859 -0.42056 0.56844 0 0.70711
0.57157 -0.69831 0.53228 -0.54718 -0.44787 0 0.70711
-0.64337 0.14577 0.20987 0.15625 0.68963 0 0.70711
0.88272 -0.95679 0.083484 -0.51971 -0.47948 0 0.70711
-0.5969 -0.41992 0.51487 -0.40685 0.57833 0 0.70711
-0.43152 0.5801 0.69851 0.56735 0.42204 0 0.70711
0.49439 0.36769 0.39119 0.42198 -0.56739 0 0.70711
-0.88368 -0.19721 0.21751 -0.15401 0.69013 0 0.70711
0.52926 0.67929 0.16429 0.55779 -0.43459 0 0.70711
0.002347 0.60048 0.67765 0.7071 -0.0027637 0 0.70711
0.29015 0.46904 0.32318 0.60135 -0.37199 0 0.70711
0.13696 0.66556 0.74464 0.69259 -0.14253 0 0.70711
0.38705 -0.77674 0.97826 -0.63289 -0.31537 0 0.70711
0.54286 -0.42297 0.92824 -0.43459 -0.55779 0 0.70711
-0.57509 0.60364 0.32141 0.51196 0.48775 0 0.70711
0.77805 -0.14088 0.81899 -0.12599 -0.69579 0 0.70711
-0.071034 -0.60456 0.14179 -0.70228 0.082516 0 0.70711
0.98076 -0.45532 0.39477 -0.29775 -0.64136 0 0.70711
0.85079 0.72011 0.75862 0.45683 -0.53973 0 0.70711
0.80696 0.074713 0.70922 0.065189 -0.7041 0 0.70711
-0.4446 0.74641 0.71382 0.6075 0.36186 0 0.70711
-0.89673 0.29391 0.22509 0.22023 0.67194 0 0.70711
-0.0049844 0.7722 0.53648 0.70709 0.0045641 0 0.70711
-0.3646 -0.47142 0.80153 -0.55934 0.4326 0 0.70711
-0.09812 -0.71963 0.66069 -0.70062 0.095529 0 0.70711
-0.19398 -0.54098 0.64033 -0.66561 0.23867 0 0.70711
-0.70256 -0.83142 0.30449 -0.5401 0.45639 0 0.70711
0.76886 -0.85859 0.64789 -0.52677 -0.47172 0 0.70711
0.95627 -0.37896 0.30801 -0.26051 -0.65737 0 0.70711
0.95547 0.89486 0.90388 0.48336 -0.5161 0 0.70711
-0.56626 0.12511 0.13674 0.15255 0.69045 0 0.70711
0.50182 -0.15127 0.65022 -0.20409 -0.67701 0 0.70711
0.32358 0.44687 0.45045 0.57273 -0.41471 0 0.70711
-0.43561 -0.57217 0.43683 -0.56261 0.42833 0 0.70711
0.73615 0.48084 0.35826 0.38669 -0.59201 0 0.70711
0.84548 0.47864 0.10223 0.34836 -0.61534 0 0.70711
-0.92707 0.50234 0.36157 0.33687 0.6217 0 0.70711
-0.32182 -0.71003 0.46774 -0.64404 0.29191 0 0.70711
0.12061 -0.76224 0.68893 -0.69842 -0.11051 0 0.70711
0.82891 0.021472 0.88863 0.01831 -0.70687 0 0.70711
0.71996 -0.40278 0.9107 -0.34523 -0.6171 0 0.70711
-0.91595 0.61335 0.98332 0.39344 0.58754 0 0.70711
-0.71114 0.87509 0.033475 0.54876 0.44594 0 0.70711
0.047939 -0.7197 0.84759 -0.70554 -0.046996 0 0.70711
-0.42531 -0.57387 0.15071 -0.56809 0.42103 0 0.70711
-0.31754 0.55872 0.24353 0.61476 0.34939 0 0.70711
0.17629 -0.75265 0.8268 -0.68847 -0.16126 0 0.70711
0.5412 -0.31295 0.65825 -0.35397 -0.61213 0 0.70711
-0.77495 0.056699 0.43911 0.051598 0.70522 0 0.70711
-0.88014 0.058284 0.047988 0.046723 0.70556 0 0.70711
0.88756 0.23737 0.64292 0.18269 -0.6831 0 0.70711
-0.97192 0.23716 0.9147 0.16762 0.68695 0 0.70711
0.86222 -0.40319 0.047314 -0.29953 -0.64053 0 0.70711
0.71156 0.14144 0.64014 0.13786 -0.69354 0 0.70711
0.66476 -0.98941 0.81398 -0.58693 -0.39435 0 0.70711
-0.3268 -0.53764 0.35613 -0.60424 0.36728 0 0.70711
0.62937 0.13327 0.30898 0.14648 -0.69177 0 0.70711
-0.84781 0.39282 0.11083 0.29726 0.64159 0 0.70711
0.68343 0.53605 0.95162 0.4364 -0.55638 0 0.70711
-0.92425 0.47603 0.43747 0.32377 0.62863 0 0.70711
0.47029 0.75265 0.97717 0.59967 -0.3747 0 0.70711
0.86558 0.88251 0.33956 0.50482 -0.49513 0 0.70711
-0.99525 -0.79718 0.84824 -0.44206 0.55189 0 0.70711
-0.97682 -0.93513 0.24038 -0.48898 0.51078 0 0.70711
-0.63031 0.10794 0.094354 0.11935 0.69696 0 0.70711
0.47794 0.65439 0.70921 0.57102 -0.41705 0 0.70711
0.40983 0.41075 0.32636 0.50057 -0.49943 0 0.70711
0.80354 -0.032742 0.0019452 -0.028789 -0.70652 0 0.70711
0.14572 -0.99313 0.78963 -0.69962 -0.10266 0 0.70711
0.63227 0.9275 0.93121 0.58427 -0.39829 0 0.70711
0.82496 -0.23753 0.68398 -0.19565 -0.6795 0 0.70711
0.54914 -0.70717 0.36919 -0.55849 -0.43369 0 0.70711
0.27876 0.8128 0.13173 0.66886 -0.22939 0 0.70711
-0.8277 -0.19268 0.87979 -0.16032 0.68869 0 0.70711
-0.63844 0.63338 0.25609 0.49801 0.50198 0 0.70711
-0.5308 0.94409 0.72899 0.61637 0.34654 0 0.70711
0.49528 0.92378 0.78734 0.62319 -0.33412 0 0.70711
0.52633 -0.64269 0.84163 -0.54706 -0.44802 0 0.70711
0.72605 -0.66603 0.6011 -0.478 -0.52107 0 0.70711
0.31744 -0.42511 0.20129 -0.56658 -0.42307 0 0.70711
0.058713 0.79001 0.84276 0.70516 -0.052407 0 0.70711
-0.24767 0.87733 0.88359 0.68051 0.19211 0 0.70711
0.53159 -0.31868 0.87329 -0.36357 -0.60648 0 0.70711
-0.90647 -0.18166 0.44737 -0.13894 0.69332 0 0.70711
-0.1647 0.57094 0.14962 0.6794 0.19599 0 0.70711
0.7933 -0.8483 0.73915 -0.51646 -0.48298 0 0.70711
-0.031086 -0.58417 0.34798 -0.70611 0.037575 0 0.70711
-0.71458 0.84458 0.93873 0.53982 0.45673 0 0.70711
0.63455 -0.24314 0.42978 -0.253 -0.6603 0 0.70711
-0.20377 -0.69039 0.98929 -0.67818 0.20017 0 0.70711
-0.16695 0.90729 0.56768 0.69543 0.12796 0 0.70711
0.18603 -0.92542 0.64841 -0.69324 -0.13936 0 0.70711
-0.71245 -0.60815 0.10574 -0.45908 0.53782 0 0.70711
-0.98039 0.55461 0.79311 0.34816 0.61545 0 0.70711
0.056941 -0.87582 0.26094 -0.70562 -0.045875 0 0.70711
0.48658 0.69905 0.48104 0.58036 -0.40396 0 0.70711
-0.70945 0.61037 0.60553 0.46117 0.53603 0 0.70711
-0.38455 0.68815 0.31091 0.61726 0.34494 0 0.70711
0.16077 0.64627 0.11642 0.68619 -0.1707 0 0.70711
-0.71864 -0.12147 0.17228 -0.11785 0.69722 0 0.70711
0.82816 -0.98167 0.11904 -0.54047 -0.45595 0 0.70711
-0.26178 -0.62863 0.78047 -0.65277 0.27183 0 0.70711
0.9059 -0.016994 0.97044 -0.013263 -0.70698 0 0.70711
-0.78292 0.96437 0.20329 0.54897 0.44568 0 0.70711
-0.3993 0.42914 0.90473 0.51768 0.48167 0 0.70711
-0.97578 -0.64935 0.76506 -0.39174 0.58867 0 0.70711
0.56149 0.81602 0.72003 0.58253 -0.40083 0 0.70711
0.91024 -0.042957 0.83091 -0.033333 -0.70632 0 0.70711
0.12666 0.74689 0.14525 0.69715 -0.11822 0 0.70711
-0.34039 -0.37669 0.24436 -0.52464 0.47408 0 0.70711
-0.10499 -0.98875 0.83862 -0.70315 0.074661 0 0.70711
-0.78966 0.55347 0.28578 0.40585 0.57904 0 0.70711
-0.98575 0.74055 0.045665 0.42472 0.56534 0 0.70711
-0.35248 -0.77851 0.45169 -0.64416 0.29165 0 0.70711
0.66028 -0.4604 0.79593 -0.40444 -0.58003 0 0.70711
0.73551 0.41831 0.72503 0.34957 -0.61465 0 0.70711
0.94303 0.98258 0.99644 0.51016 -0.48963 0 0.70711
0.60425 -0.31859 0.49165 -0.32979 -0.62549 0 0.70711
-0.74214 -0.61052 0.23349 -0.44923 0.54607 0 0.70711
0.06979 -0.91785 0.28448 -0.70507 -0.053611 0 0.70711
-0.071063 -0.66846 0.066524 -0.70314 0.07475 0 0.70711
0.29133 0.85394 0.35945 0.66923 -0.22831 0 0.70711
0.85422 0.93075 0.52809 0.52096 -0.47812 0 0.70711
-0.14054 0.61656 0.59438 0.68942 0.15715 0 0.70711
-0.31367 0.81866 0.58163 0.6603 0.25299 0 0.70711
-0.70135 -0.72593 0.93695 -0.50854 0.49132 0 0.70711
-0.1994 0.88398 0.30541 0.68978 0.15559 0 0.70711
-0.66845 -0.07851 0.13662 -0.082483 0.70228 0 0.70711
0.82708 0.83802 0.61935 0.50328 -0.4967 0 0.70711
0.85728 0.063397 0.33593 0.052149 -0.70518 0 0.70711
-0.81396 -0.75719 0.90419 -0.48162 0.51773 0 0.70711
0.56903 -0.47025 0.67943 -0.45045 -0.54507 0 0.70711
0.76018 -0.76079 0.098325 -0.5002 -0.4998 0 0.70711
0.37884 0.39753 0.22685 0.51189 -0.48782 0 0.70711
0.44549 0.70113 0.36456 0.59682 -0.37921 0 0.70711
0.47348 -0.90102 0.97607 -0.62594 -0.32893 0 0.70711
-0.88975 0.90136 0.16647 0.50323 0.49675 0 0.70711
-0.78744 0.92862 0.44777 0.53931 0.45732 0 0.70711
0.18124 0.66885 0.93785 0.68249 -0.18494 0 0.70711
0.13965 0.55016 0.15074 0.68537 -0.17397 0 0.70711
0.33808 0.4757 0.52718 0.57637 -0.40963 0 0.70711
-0.47199 0.85846 0.89782 0.61963 0.34068 0 0.70711
-0.71253 -0.88474 0.50349 -0.55072 0.44352 0 0.70711
0.60276 -0.12836 0.56944 -0.14728 -0.6916 0 0.70711
0.080237 0.68767 0.98537 0.70234 -0.081949 0 0.70711
0.05049 -0.86211 0.32783 -0.7059 -0.041341 0 0.70711
-0.21876 0.61463 0.15954 0.66617 0.2371 0 0.70711
0.61156 -0.95177 0.20552 -0.59489 -0.38224 0 0.70711
0.95184 -0.57256 0.06314 -0.36449 -0.60593 0 0.70711
-0.14067 0.54779 0.51745 0.68488 0.17588 0 0.70711
0.86224 0.75249 0.44355 0.46494 -0.53276 0 0.70711
-0.20919 -0.90909 0.21297 -0.6891 0.15857 0 0.70711
0.53275 -0.88559 0.17052 -0.60592 -0.36451 0 0.70711
-0.22893 -0.53479 0.85596 -0.65005 0.27827 0 0.70711
0.065756 -0.6403 0.79414 -0.70341 -0.072237 0 0.70711
0.7647 -0.83002 0.91616 -0.52004 -0.47912 0 0.70711
0.51713 0.38909 0.066459 0.42513 -0.56503 0 0.70711
0.097794 -0.75518 0.64092 -0.70125 -0.09081 0 0.70711
0.080379 -0.7601 0.27442 -0.70319 -0.074361 0 0.70711
0.73379 0.33853 0.21041 0.29622 -0.64207 0 0.70711
0.35382 -0.49405 0.099173 -0.57489 -0.41171 0 0.70711
0.6024 -0.42463 0.54641 -0.4074 -0.57795 0 0.70711
0.43299 0.26308 0.97115 0.36717 -0.60431 0 0.70711
0.88129 -0.50864 0.61155 -0.35346 -0.61242 0 0.70711
-0.93272 0.07482 0.38971 0.05654 0.70484 0 0.70711
-0.87223 -0.30401 0.96833 -0.23273 0.66771 0 0.70711
-0.48824 -0.82232 0.64401 -0.60801 0.361 0 0.70711
0.32869 -0.91478 0.71182 -0.66545 -0.2391 0 0.70711
0.67839 0.18033 0.96698 0.18166 -0.68337 0 0.70711
-0.54234 0.61806 0.4057 0.5315 0.46638 0 0.70711
0.69367 0.73026 0.2069 0.51268 -0.48699 0 0.70711
0.9127 0.54048 0.72143 0.36029 -0.60843 0 0.70711
0.37179 -0.64209 0.54953 -0.61193 -0.35433 0 0.70711
-0.66325 -0.94895 0.26611 -0.57957 0.40509 0 0.70711
-0.21843 0.54653 0.27972 0.65661 0.26243 0 0.70711
0.75472 -0.54949 0.00034194 -0.4162 -0.57165 0 0.70711
0.80114 -0.23511 0.056714 -0.19912 -0.67849 0 0.70711
-0.94578 0.42503 0.31265 0.28985 0.64497 0 0.70711
-0.73134 -0.28059 0.44986 -0.25329 0.66018 0 0.70711
-0.82714 -0.3119 0.68581 -0.24949 0.66163 0 0.70711
0.64194 -0.80076 0.39084 -0.55171 -0.44228 0 0.70711
-0.75137 -0.5034 0.95062 -0.39358 0.58745 0 0.70711
-0.78496 0.17998 0.57966 0.15803 0.68922 0 0.70711
0.44784 -0.48282 0.73044 -0.51843 -0.48087 0 0.70711
0.99966 0.57458 0.67346 0.35237 -0.61305 0 0.70711
-0.55662 -0.99843 0.70261 -0.61761 0.34432 0 0.70711
0.29233 -0.93573 0.012709 -0.67494 -0.21086 0 0.70711
-0.88994 0.49532 0.85328 0.34389 0.61785 0 0.70711
0.59874 -0.65013 0.28247 -0.52013 -0.47902 0 0.70711
0.33472 0.61577 0.2109 0.62126 -0.3377 0 0.70711
-0.39911 0.7974 0.61332 0.63233 0.31649 0 0.70711
-0.51964 -0.91794 0.94756 -0.61535 0.34835 0 0.70711
0.14084 -0.5612 0.452 -0.68584 -0.17212 0 0.70711
0.83263 -0.15378 0.70449 -0.12842 -0.69535 0 0.70711
-0.81982 -0.24981 0.40535 -0.20611 0.6764 0 0.70711
0.78885 0.56072 0.77063 0.40967 -0.57635 0 0.70711
-0.28611 0.58137 0.96613 0.63444 0.31222 0 0.70711
0.94826 -0.65117 0.33264 -0.40028 -0.5829 0 0.70711
-0.26063 -0.76007 0.18627 -0.66887 0.22936 0 0.70711
-0.59463 0.49737 0.0461 0.45367 0.54239 0 0.70711
0.26799 0.94868 0.51116 0.68048 -0.19223 0 0.70711
0.80707 -0.73162 0.60179 -0.47491 -0.52389 0 0.70711
0.75976 -0.68268 0.47368 -0.47261 -0.52597 0 0.70711
-0.84913 -0.64457 0.29547 -0.42753 0.56322 0 0.70711
-0.87865 0.33422 0.25362 0.2514 0.66091 0 0.70711
-0.52397 -0.29063 0.96912 -0.34298 0.61836 0 0.70711
0.5301 0.38277 0.16955 0.41395 -0.57328 0 0.70711
0.89796 -0.32706 0.68669 -0.24199 -0.66441 0 0.70711
0.71644 0.38395 0.089284 0.33401 -0.62325 0 0.70711
-0.87321 0.12273 0.38394 0.09842 0.70022 0 0.70711
-0.49647 -0.45455 0.86416 -0.4775 0.52153 0 0.70711
-0.56647 0.17783 0.20557 0.21179 0.67464 0 0.70711
-0.59332 0.063615 0.27177 0.075383 0.70308 0 0.70711
-0.78441 0.26228 0.6567 0.22423 0.67061 0 0.70711
-0.97076 -0.81117 0.64051 -0.45341 0.54261 0 0.70711
0.88507 0.48431 0.21938 0.33943 -0.62031 0 0.70711
-0.26315 -0.86735 0.60894 -0.67665 0.20529 0 0.70711
-0.72398 -0.84575 0.73147 -0.53717 0.45983 0 0.70711
-0.86843 -0.13941 0.47574 -0.11207 0.69817 0 0.70711
0.74822 -0.11747 0.64121 -0.10967 -0.69855 0 0.70711
0.27958 -0.71568 0.43611 -0.65863 -0.2573 0 0.70711
0.60012 0.23359 0.47729 0.25649 -0.65895 0 0.70711
0.38592 0.53239 0.43405 0.57251 -0.415 0 0.70711
0.32635 -0.66243 0.2665 -0.63431 -0.3125 0 0.70711
-0.59214 -0.57195 0.8132 -0.49125 0.5086 0 0.70711
-0.6831 0.81898 0.56593 0.54301 0.45292 0 0.70711
0.63301 -0.13366 0.49607 -0.14609 -0.69185 0 0.70711
0.60425 0.99629 0.91284 0.6046 -0.36669 0 0.70711
-0.53989 0.50552 0.1869 0.4833 0.51616 0 0.70711
0.7158 0.31943 0.53762 0.28816 -0.64573 0 0.70711
-0.6778 0.29941 0.28179 0.28572 0.64681 0 0.70711
-0.94337 0.19559 0.046115 0.14355 0.69238 0 0.70711
-0.04085 -0.64783 0.099671 -0.70571 0.0445 0 0.70711
0.43335 0.51174 0.80181 0.53962 -0.45696 0 0.70711
0.52459 -0.48733 0.28883 -0.48127 -0.51806 0 0.70711
-0.43906 0.7695 0.28459 0.61416 0.35043 0 0.70711
0.6871 0.89245 0.41812 0.56029 -0.43137 0 0.70711
0.93821 -0.33456 0.17339 -0.23751 -0.66603 0 0.70711
0.79682 -0.80431 0.32517 -0.50233 -0.49766 0 0.70711
-0.76228 -0.060249 0.051277 -0.055715 0.70491 0 0.70711
0.27018 0.51244 0.89409 0.62549 -0.32979 0 0.70711
0.51427 0.30976 0.60022 0.36484 -0.60572 0 0.70711
0.88473 0.39786 0.12167 0.29001 -0.6449 0 0.70711
0.44507 0.30036 0.30832 0.39555 -0.58612 0 0.70711
0.81303 0.26401 0.21083 0.21839 -0.67254 0 0.70711
0.66963 -0.68693 0.6405 -0.50634 -0.49358 0 0.70711
0.86931 0.54329 0.41174 0.37475 -0.59963 0 0.70711
0.44246 0.57311 0.34892 0.55971 -0.43212 0 0.70711
-0.43383 0.69383 0.90452 0.59955 0.37488 0 0.70711
0.051329 0.76117 0.020162 0.7055 -0.047575 0 0.70711
-0.70324 0.061179 0.86788 0.061284 0.70445 0 0.70711
0.57674 0.48141 0.68097 0.45312 -0.54285 0 0.70711
0.0031586 -0.69666 0.1543 -0.7071 -0.0032059 0 0.70711
-0.37979 0.8932 0.70715 0.65073 0.27669 0 0.70711
-0.44006 0.29791 0.058177 0.39641 0.58554 0 0.70711
-0.55969 0.87073 0.11309 0.59482 0.38234 0 0.70711
0.47393 0.27766 0.85265 0.35744 -0.61011 0 0.70711
-0.95155 0.76641 0.011287 0.44355 0.5507 0 0.70711
0.21182 0.95325 0.3961 0.69027 -0.15338 0 0.70711
-0.66285 -0.41145 0.6004 -0.37292 0.60078 0 0.70711
-0.22397 0.7131 0.53017 0.67462 0.21188 0 0.70711
0.64968 -0.86806 0.14967 -0.56611 -0.4237 0 0.70711
-0.76454 -0.27643 0.68709 -0.24043 0.66498 0 0.70711
-0.7148 -0.92779 0.56974 -0.56014 0.43156 0 0.70711
0.37381 -0.81869 0.68133 -0.64323 -0.29369 0 0.70711
-0.76379 0.8796 0.36633 0.53391 0.46361 0 0.70711
-0.53059 0.67477 0.4007 0.55584 0.43708 0 0.70711
-0.079057 0.57018 0.48902 0.70041 0.097112 0 0.70711
0.64409 0.026245 0.93895 0.028789 -0.70652 0 0.70711
-0.47319 -0.41794 0.32206 -0.4681 0.52998 0 0.70711
0.81428 0.66664 0.10711 0.44793 -0.54714 0 0.70711
-0.44634 0.72659 0.1932 0.60251 0.37012 0 0.70711
0.77972 0.089028 0.5827 0.080216 -0.70254 0 0.70711
-0.36843 0.82135 0.69134 0.64517 0.2894 0 0.70711
0.58107 -0.73047 0.85334 -0.55338 -0.4402 0 0.70711
-0.90313 0.04713 0.43089 0.036851 0.70615 0 0.70711
-0.9401 0.92218 0.3916 0.49517 0.50479 0 0.70711
0.7218 -0.03386 0.9504 -0.033135 -0.70633 0 0.70711
-0.85748 0.14118 0.89578 0.11488 0.69771 0 0.70711
0.69467 0.75645 0.097158 0.52081 -0.47828 0 0.70711
-0.27764 0.63078 0.1698 0.64719 0.28486 0 0.70711
-0.18871 -0.79273 0.10566 -0.68788 0.16375 0 0.70711
-0.655 -0.068491 0.36517 -0.073539 0.70327 0 0.70711
-0.25878 -0.75941 0.35677 -0.66931 0.22808 0 0.70711
0.82863 -0.70812 0.95048 -0.45938 -0.53756 0 0.70711
0.11841 0.66796 0.80418 0.69625 -0.12342 0 0.70711
-0.5221 -0.51731 0.025487 -0.49769 0.5023 0 0.70711
-0.082218 0.96506 0.56271 0.70455 0.060024 0 0.70711
-0.24526 0.54161 0.20691 0.64414 0.29169 0 0.70711
0.57285 0.68981 0.27001 0.54398 -0.45175 0 0.70711
0.2351 -0.81003 0.23899 -0.67908 -0.1971 0 0.70711
-0.015382 -0.50981 0.74517 -0.70679 0.021325 0 0.70711
0.33797 -0.39936 0.48603 -0.53976 -0.45679 0 0.70711
0.20299 0.67922 0.93071 0.6775 -0.20247 0 0.70711
-0.95207 0.49981 0.82787 0.32867 0.62608 0 0.70711
-0.57445 -0.66759 0.64643 -0.53599 0.46121 0 0.70711
0.19453 -0.48002 0.16436 -0.65534 -0.26559 0 0.70711
-0.31642 0.62479 0.46773 0.63082 0.31947 0 0.70711
0.32751 0.96053 0.79666 0.66927 -0.2282 0 0.70711
0.44479 -0.92381 0.051397 -0.63711 -0.30675 0 0.70711
0.76655 0.087998 0.56317 0.080644 -0.70249 0 0.70711
-0.87771 -0.41212 0.64516 -0.30053 0.64006 0 0.70711
-0.85356 -0.46686 0.81514 -0.33932 0.62037 0 0.70711
-0.20226 -0.76002 0.71084 -0.68332 0.18185 0 0.70711
-0.70006 0.64105 0.79563 0.47754 0.5215 0 0.70711
0.4619 0.84594 0.35415 0.62062 -0.33887 0 0.70711
0.84052 -0.066393 0.87969 -0.055681 -0.70491 0 0.70711
0.18217 -0.94534 0.63235 -0.69433 -0.1338 0 0.70711
-0.8211 0.41385 0.50586 0.31826 0.63144 0 0.70711
0.67699 -0.50693 0.47659 -0.42383 -0.56601 0 0.70711
-0.3601 0.35026 0.77869 0.49302 0.50688 0 0.70711
-0.95085 0.63105 0.90191 0.39101 0.58916 0 0.70711
-0.66929 0.25426 0.91649 0.25112 0.66101 0 0.70711
-0.8484 0.70741 0.86128 0.45284 0.54308 0 0.70711
0.52609 -0.14765 0.33033 -0.19107 -0.6808 0 0.70711
0.80491 -0.98949 0.21294 -0.54854 -0.44621 0 0.70711
0.56938 0.80246 0.78947 0.57669 -0.40919 0 0.70711
0.85532 -0.15556 0.32051 -0.12653 -0.69569 0 0.70711
-0.32456 -0.57382 0.69203 -0.61548 0.34812 0 0.70711
0.35024 -0.73779 0.40662 -0.63878 -0.30324 0 0.70711
0.18329 -0.59642 0.94484 -0.67591 -0.20772 0 0.70711
-0.8536 0.76715 0.55355 0.47266 0.52592 0 0.70711
-0.54157 -0.29623 0.37664 -0.33933 0.62037 0 0.70711
0.6033 0.060252 0.59045 0.070269 -0.70361 0 0.70711
-0.61824 -0.69121 0.28297 -0.52705 0.4714 0 0.70711
-0.46303 0.5289 0.4447 0.53203 0.46577 0 0.70711
-0.2993 -0.73137 0.37929 -0.65443 0.26782 0 0.70711
0.042442 0.69677 0.72512 0.7058 -0.042992 0 0.70711
-0.82924 0.86879 0.81328 0.51151 0.48822 0 0.70711
-0.49633 -0.46396 0.82342 -0.48287 0.51656 0 0.70711
0.0083567 -0.6257 0.56201 -0.70704 -0.009443 0 0.70711
0.069914 0.99618 0.67914 0.70537 -0.049505 0 0.70711
-0.70885 -0.030535 0.31904 -0.030432 0.70645 0 0.70711
-0.048408 0.77879 0.047767 0.70574 0.043868 0 0.70711
0.95726 0.40904 0.78047 0.27785 -0.65023 0 0.70711
-0.54372 -0.89777 0.70291 -0.60483 0.36631 0 0.70711
0.73743 0.18122 0.49542 0.16875 -0.68668 0 0.70711
0.30596 0.63889 0.84935 0.63775 -0.30541 0 0.70711
0.61812 -0.94846 0.96194 -0.59241 -0.38608 0 0.70711
-0.50384 -0.98051 0.71492 -0.62893 0.32318 0 0.70711
-0.45226 0.34074 0.10209 0.42549 0.56476 0 0.70711
0.15571 0.53933 0.99293 0.67936 -0.19614 0 0.70711
-0.54518 0.42948 0.43825 0.43757 0.55546 0 0.70711
-0.49572 -0.50333 0.76488 -0.5038 0.49618 0 0.70711
0.38526 -0.68162 0.89909 -0.61558 -0.34793 0 0.70711
-0.12317 -0.61775 0.9805 -0.69346 0.13827 0 0.70711
0.30914 -0.60477 0.42894 -0.62962 -0.32184 0 0.70711
0.058594 -0.56986 0.6979 -0.7034 -0.072324 0 0.70711
0.6114 0.39079 0.87695 0.38082 -0.5958 0 0.70711
-0.6937 0.016003 0.33752 0.016308 0.70692 0 0.70711
0.19045 -0.98228 0.58476 -0.69418 -0.13459 0 0.70711
-0.63116 0.27841 0.58173 0.28538 0.64696 0 0.70711
0.87304 -0.47779 0.47141 -0.33947 -0.62029 0 0.70711
0.94522 -0.47491 0.62768 -0.31745 -0.63184 0 0.70711
-0.46034 0.59953 0.24546 0.56085 0.43064 0 0.70711
0.77157 -0.7149 0.59905 -0.48059 -0.51868 0 0.70711
-0.56277 0.6604 0.14893 0.5382 0.45863 0 0.70711
0.12017 0.78617 0.39178 0.69899 -0.10684 0 0.70711
-0.23737 0.5808 0.55636 0.65455 0.26751 0 0.70711
0.90037 -0.89153 0.5872 -0.49753 -0.50246 0 0.70711
0.77396 0.1284 0.97161 0.11573 -0.69757 0 0.70711
0.8906 0.50579 0.20528 0.3492 -0.61487 0 0.70711
0.51368 -0.14441 0.43906 -0.19137 -0.68072 0 0.70711
0.5379 0.21829 0.46174 0.2659 -0.65521 0 0.70711
-0.68191 -0.39498 0.93777 -0.35441 0.61188 0 0.70711
0.60282 -0.54739 0.42138 -0.47535 -0.52349 0 0.70711
-0.25574 -0.96035 0.32033 -0.68329 0.18196 0 0.70711
-0.79794 -0.56907 0.35068 -0.41057 0.5757 0 0.70711
-0.63606 0.55433 0.78917 0.46458 0.53307 0 0.70711
-0.15975 -0.77023 0.082728 -0.69237 0.1436 0 0.70711
-0.17614 -0.88877 0.40062 -0.69362 0.13746 0 0.70711
0.1965 -0.9537 0.60069 -0.69256 -0.1427 0 0.70711
-0.41298 -0.98315 0.21011 -0.65193 0.27384 0 0.70711
0.99245 0.70746 0.51785 0.41044 -0.57579 0 0.70711
-0.48233 -0.50464 0.021936 -0.51117 0.48857 0 0.70711
-0.66515 -0.36346 0.35928 -0.33907 0.62051 0 0.70711
0.85878 0.5399 0.78763 0.37635 -0.59863 0 0.70711
-0.38443 -0.63871 0.093502 -0.60584 0.36464 0 0.70711
-0.84822 0.85915 0.9114 0.50319 0.49679 0 0.70711
-0.11589 0.83866 0.68423 0.70045 0.096793 0 0.70711
0.26389 0.66811 0.73806 0.65766 -0.25977 0 0.70711
-0.70884 0.18046 0.24598 0.17445 0.68525 0 0.70711
0.46793 0.4072 0.34359 0.46419 -0.53341 0 0.70711
-0.27029 0.76805 0.52723 0.66701 0.23473 0 0.70711
0.24168 0.66469 0.79014 0.66454 -0.24163 0 0.70711
-0.73515 -0.84976 0.64654 -0.53476 0.46264 0 0.70711
-0.4528 -0.35027 0.64192 -0.43265 0.5593 0 0.70711
0.33456 0.71695 0.81145 0.64077 -0.29901 0 0.70711
0.57041 -0.062282 0.58608 -0.076751 -0.70293 0 0.70711
-0.58151 0.63567 0.93886 0.52173 0.47728 0 0.70711
0.83113 -0.055513 0.59219 -0.047125 -0.70553 0 0.70711
-0.54118 0.30808 0.44873 0.34982 0.61451 0 0.70711
0.44185 -0.37794 0.80055 -0.45963 -0.53735 0 0.70711
0.93924 -0.15695 0.41281 -0.11654 -0.69744 0 0.70711
0.96851 0.17812 0.30791 0.1279 -0.69544 0 0.70711
-0.60551 0.67444 0.85946 0.52616 0.47239 0 0.70711
-0.77763 0.82917 0.79452 0.51577 0.48371 0 0.70711
-0.085619 0.79137 0.074218 0.703 0.076059 0 0.70711
0.74212 -0.12153 0.052618 -0.11427 -0.69781 0 0.70711
0.63497 0.45374 0.90325 0.41112 -0.57531 0 0.70711
0.01159 0.70723 0.71335 0.70701 -0.011586 0 0.70711
-0.42793 -0.81691 0.88862 -0.62637 0.32812 0 0.70711
0.43648 0.96361 0.31618 0.64411 -0.29176 0 0.70711
0.68872 -0.054079 0.45931 -0.055352 -0.70494 0 0.70711
0.79227 0.25689 0.59826 0.2181 -0.67263 0 0.70711
0.91212 0.65421 0.5878 0.41212 -0.57459 0 0.70711
0.10133 0.62391 0.65428 0.69796 -0.11336 0 0.70711
0.013594 0.80608 0.59518 0.70701 -0.011923 0 0.70711
-0.91591 -0.31494 0.59291 -0.22993 0.66868 0 0.70711
-0.83109 0.78569 0.16588 0.48577 0.51384 0 0.70711
0.871 -0.51693 0.57969 -0.36089 -0.60808 0 0.70711
-0.65195 0.21861 0.77817 0.22481 0.67042 0 0.70711
-0.84047 0.22074 0.49816 0.17962 0.68391 0 0.70711
-0.69114 -0.43923 0.36272 -0.37927 0.59679 0 0.70711
-0.36821 0.70837 0.94842 0.62741 0.32613 0 0.70711
-0.07989 -0.5823 0.21325 -0.70054 0.096113 0 0.70711
0.3312 -0.54751 0.71955 -0.60502 -0.36599 0 0.70711
0.037508 0.52408 0.70945 0.7053 -0.050477 0 0.70711
-0.55195 0.19411 0.55317 0.23459 0.66706 0 0.70711
0.79807 -0.070185 0.9762 -0.061946 -0.70439 0 0.70711
0.54135 -0.44845 0.34777 -0.45109 -0.54454 0 0.70711
0.82779 0.72781 0.72845 0.4669 -0.53104 0 0.70711
-0.60423 0.95731 0.49511 0.59796 0.37742 0 0.70711
-0.29427 -0.55848 0.22173 -0.62558 0.32963 0 0.70711
0.29267 -0.88644 0.46735 -0.67146 -0.22169 0 0.70711
-0.025625 -0.79298 0.13782 -0.70674 0.022839 0 0.70711
-0.76871 -0.94129 0.029526 -0.54768 0.44726 0 0.70711
-0.30618 0.44731 0.29521 0.58351 0.3994 0 0.70711
0.66534 0.44524 0.76826 0.39326 -0.58766 0 0.70711
0.043742 -0.70298 0.057707 -0.70574 -0.043914 0 0.70711
0.63715 0.084517 0.80973 0.092982 -0.70097 0 0.70711
0.85607 -0.22555 0.13998 -0.18015 -0.68377 0 0.70711
-0.33915 -0.54384 0.0091093 -0.6 0.37417 0 0.70711
-0.83532 -0.8181 0.49304 -0.49477 0.50518 0 0.70711
0.073992 -0.67206 0.091435 -0.70286 -0.077384 0 0.70711
-0.45217 0.48792 0.42621 0.51864 0.48064 0 0.70711
-0.69199 -0.61928 0.00018819 -0.47155 0.52691 0 0.70711
-0.49327 0.59947 0.083412 0.54602 0.44929 0 0.70711
0.99809 -0.92835 0.0041727 -0.48158 -0.51776 0 0.70711
-0.6699 0.090633 0.19844 0.094803 0.70072 0 0.70711
0.19547 0.53842 0.031208 0.66466 -0.2413 0 0.70711
0.37741 0.71473 0.10196 0.62529 -0.33018 0 0.70711
0.52467 0.20853 0.57622 0.26117 -0.65711 0 0.70711
-0.67499 -0.76 0.75461 -0.52869 0.46956 0 0.70711
0.10806 0.51552 0.24334 0.69207 -0.14507 0 0.70711
0.73595 -0.4611 0.72343 -0.37543 -0.59921 0 0.70711
-0.34575 -0.50996 0.38817 -0.58527 0.39681 0 0.70711
-0.7155 -0.89795 0.63609 -0.55302 0.44065 0 0.70711
0.18722 -0.63581 0.94508 -0.67831 -0.19974 0 0.70711
0.56326 -0.15485 0.46744 -0.18744 -0.68181 0 0.70711
-0.40425 0.95472 0.038999 0.65114 0.27571 0 0.70711
0.59015 0.45926 0.093159 0.43427 -0.55804 0 0.70711
-0.1197 -0.94485 0.80399 -0.7015 0.088868 0 0.70711
0.9695 0.52197 0.68912 0.3352 -0.62261 0 0.70711
-0.90874 -0.87842 0.5593 -0.49145 0.50841 0 0.70711
-0.27879 -0.97752 0.31168 -0.67999 0.19393 0 0.70711
0.7903 0.90308 0.64306 0.53212 -0.46567 0 0.70711
-0.88218 -0.84059 0.88817 -0.48779 0.51192 0 0.70711
0.37915 0.95231 0.86783 0.65695 -0.26155 0 0.70711
-0.62691 -0.47422 0.0051696 -0.42658 0.56394 0 0.70711
-0.242 -0.58013 0.18123 -0.6526 0.27223 0 0.70711
0.50902 0.79017 0.89029 0.59444 -0.38293 0 0.70711
-0.020823 0.69601 0.41528 0.70679 0.021145 0 0.70711
0.77367 0.20414 0.040284 0.1804 -0.68371 0 0.70711
-0.81306 0.0042536 0.8338 0.0036992 0.7071 0 0.70711
0.49657 -0.70428 0.53197 -0.5779 -0.40746 0 0.70711
-0.70661 0.73413 0.25142 0.50946 0.49036 0 0.70711
0.97063 -0.55641 0.21604 -0.35166 -0.61346 0 0.70711
0.82524 0.51828 0.094223 0.37607 -0.59881 0 0.70711
0.91407 0.45017 0.8543 0.31241 -0.63435 0 0.70711
-0.60355 -0.10489 0.50491 -0.12107 0.69666 0 0.70711
-0.91277 0.7176 0.40351 0.43703 0.55589 0 0.70711
-0.56169 -0.21699 0.03203 -0.25481 0.6596 0 0.70711
-0.80794 0.60166 0.95914 0.42233 0.56713 0 0.70711
0.94279 0.69641 0.94765 0.42013 -0.56876 0 0.70711
-0.76492 0.73018 0.81602 0.48825 0.51148 0 0.70711
0.010147 0.77383 0.98386 0.70705 -0.0092716 0 0.70711
-0.65446 0.94646 0.28865 0.5816 0.40217 0 0.70711
-0.5888 -0.42026 0.22518 -0.41079 0.57554 0 0.70711
-0.98613 -0.8172 0.60193 -0.45119 0.54446 0 0.70711
0.95748 -0.6542 0.52478 -0.39891 -0.58384 0 0.70711
-0.40815 0.50412 0.73372 0.54957 0.44494 0 0.70711
-0.30081 0.54236 0.46639 0.61837 0.34296 0 0.70711
0.57211 -0.94326 0.73926 -0.60459 -0.3667 0 0.70711
0.23986 0.78868 0.056474 0.67651 -0.20574 0 0.70711
0.26027 0.77687 0.19683 0.67048 -0.22463 0 0.70711
0.81759 -0.33416 0.62102 -0.26753 -0.65455 0 0.70711
0.13359 0.57624 0.82287 0.68884 -0.15969 0 0.70711
0.79451 -0.958 0.81462 -0.54428 -0.4514 0 0.70711
-0.87046 -0.85848 0.8339 -0.49652 0.50345 0 0.70711
-0.65473 -0.34048 0.72829 -0.32624 0.62735 0 0.70711
-0.82461 -0.50895 0.66887 -0.37138 0.60173 0 0.70711
-0.098463 0.91961 0.99336 0.70309 0.07528 0 0.70711
0.42893 0.58836 0.11666 0.57139 -0.41656 0 0.70711
-0.46156 -0.73368 0.045863 -0.59852 0.37653 0 0.70711
0.45695 0.70535 0.015621 0.59346 -0.38446 0 0.70711
0.087413 -0.69452 0.25343 -0.70157 -0.088301 0 0.70711
-0.43329 -0.40176 0.87014 -0.48078 0.51851 0 0.70711
0.59554 -0.97987 0.6631 -0.60426 -0.36725 0 0.70711
0.89904 -0.022966 0.81409 -0.018057 -0.70688 0 0.70711
0.7114 -0.90485 0.94612 -0.55588 -0.43704 0 0.70711
-0.68729 0.38984 0.089005 0.34887 0.61505 0 0.70711
0.83354 0.93257 0.58377 0.52721 -0.47122 0 0.70711
-0.28142 0.64228 0.58615 0.64766 0.28378 0 0.70711
0.67714 0.67718 0.47249 0.50001 -0.49999 0 0.70711
-0.47216 -0.68171 0.31672 -0.58129 0.40261 0 0.70711
-0.47767 -0.44156 0.98466 -0.47999 0.51924 0 0.70711
-0.86102 -0.35867 0.19331 -0.27191 0.65274 0 0.70711
-0.66523 0.17193 0.046597 0.17694 0.68461 0 0.70711
0.53642 0.063844 0.72673 0.08357 -0.70215 0 0.70711
0.64424 -0.05808 0.079672 -0.06349 -0.70425 0 0.70711
0.90422 0.056462 0.6258 0.044068 -0.70573 0 0.70711
-0.44168 0.98831 0.62364 0.64557 0.28851 0 0.70711
-0.74077 0.94686 0.12913 0.55692 0.4357 0 0.70711
-0.8912 0.84271 0.63698 0.48582 0.51378 0 0.70711
-0.98198 -0.69995 0.26373 -0.41043 0.5758 0 0.70711
-0.10977 -0.49363 0.30999 -0.69025 0.15349 0 0.70711
0.95652 0.72075 0.85225 0.42553 -0.56473 0 0.70711
-0.27589 0.61614 0.7976 0.64536 0.28897 0 0.70711
0.60805 0.013652 0.94698 0.015872 -0.70693 0 0.70711
0.82386 0.51788 0.21271 0.37632 -0.59865 0 0.70711
0.65742 0.5551 0.017406 0.45619 -0.54027 0 0.70711
-0.71653 -0.59828 0.79294 -0.4532 0.54278 0 0.70711
-0.92634 0.97404 0.93664 0.51239 0.4873 0 0.70711
0.82104 -0.34276 0.28132 -0.27241 -0.65253 0 0.70711
