80
-0.57545 0.76658 0.98126 0.5655 0.42451 0 0.70711
-0.52315 0.7948 0.65697 0.59064 0.38877 0 0.70711
-0.061199 0.75067 0.002322 0.70477 0.057457 0 0.70711
0.93363 0.83667 0.17494 0.47191 -0.5266 0 0.70711
-0.30648 -0.59157 0.054985 -0.62785 0.32528 0 0.70711
0.44008 -0.53542 0.91326 -0.54626 -0.44899 0 0.70711
-0.4348 -0.50618 0.76154 -0.53638 0.46075 0 0.70711
-0.62089 0.57191 0.898 0.47907 0.52009 0 0.70711
-0.75565 0.52163 0.59633 0.4017 0.58192 0 0.70711
-0.50012 -0.8239 0.99413 -0.60446 0.36692 0 0.70711
0.59974 0.88551 0.35863 0.58546 -0.39652 0 0.70711
-0.17212 0.52122 0.084514 0.67144 0.22173 0 0.70711
-0.58473 -0.35798 0.11184 -0.36921 0.60306 0 0.70711
-0.79923 -0.91904 0.62172 -0.53357 0.46401 0 0.70711
0.8658 -0.40342 0.76406 -0.29865 -0.64094 0 0.70711
-0.86088 0.21165 0.39625 0.16882 0.68666 0 0.70711
-0.29287 0.86016 0.64642 0.66937 0.22791 0 0.70711
-0.66096 0.23289 0.77428 0.23499 0.66692 0 0.70711
-0.94556 -0.90867 0.50289 -0.48995 0.50985 0 0.70711
0.1947 -0.98467 0.71059 -0.69368 -0.13716 0 0.70711
0.77044 0.61235 0.46957 0.43997 -0.55356 0 0.70711
-0.46354 0.41997 0.24797 0.47476 0.52402 0 0.70711
-0.3956 0.61108 0.81421 0.59358 0.38427 0 0.70711
-0.24545 0.70049 0.18481 0.66732 0.23383 0 0.70711
0.13981 0.95288 0.94914 0.69962 -0.10265 0 0.70711
0.15407 0.75111 0.75961 0.69269 -0.14208 0 0.70711
-0.14427 0.77856 0.43141 0.69527 0.12884 0 0.70711
-0.23972 0.79353 0.76851 0.67689 0.20449 0 0.70711
0.95401 0.18431 0.19313 0.13413 -0.69427 0 0.70711
-0.35884 -0.87779 0.51815 -0.65453 0.26757 0 0.70711
-0.50158 0.45153 0.20027 0.47309 0.52553 0 0.70711
0.34738 0.76938 0.03262 0.64446 -0.29098 0 0.70711
-0.91129 -0.9296 0.17216 -0.50495 0.495 0 0.70711
0.41113 0.49981 0.068111 0.54609 -0.4492 0 0.70711
0.75446 0.051007 0.61501 0.047697 -0.7055 0 0.70711
0.52176 -0.12203 0.16321 -0.16104 -0.68853 0 0.70711
0.95793 0.18202 0.21159 0.132 -0.69468 0 0.70711
-0.34392 -0.6191 0.39323 -0.61813 0.34338 0 0.70711
-0.62521 -0.71498 0.4507 -0.5323 0.46547 0 0.70711
0.96515 -0.83241 0.67228 -0.46182 -0.53546 0 0.70711
-0.50535 0.25457 0.47008 0.31812 0.6315 0 0.70711
0.21228 0.78067 0.84001 0.68233 -0.18554 0 0.70711
-0.38117 -0.47162 0.86326 -0.54994 0.44448 0 0.70711
0.51309 -0.9319 0.40283 -0.61943 -0.34104 0 0.70711
0.35412 -0.5157 0.87843 -0.58291 -0.40027 0 0.70711
-0.54159 -0.71973 0.85047 -0.56501 0.42516 0 0.70711
0.40918 0.31532 0.4622 0.43162 -0.5601 0 0.70711
-0.73581 0.82825 0.6484 0.52863 0.46963 0 0.70711
-0.49804 0.8286 0.69855 0.60605 0.36428 0 0.70711
-0.67948 -0.64945 0.73083 -0.48858 0.51117 0 0.70711
-0.87391 -0.44088 0.99192 -0.31849 0.63132 0 0.70711
-0.78967 0.038163 0.29104 0.034134 0.70628 0 0.70711
-0.50186 0.046336 0.80285 0.06501 0.70411 0 0.70711
0.85467 -0.60082 0.62569 -0.40666 -0.57847 0 0.70711
0.87138 0.35204 0.65918 0.26488 -0.65562 0 0.70711
0.46221 0.4248 0.1798 0.47848 -0.52063 0 0.70711
-0.82611 0.59635 0.95126 0.41387 0.57333 0 0.70711
0.27857 -0.47443 0.35932 -0.60976 -0.35803 0 0.70711
-0.4593 0.35661 0.6054 0.43365 0.55852 0 0.70711
-0.80608 0.92391 0.40767 0.53282 0.46487 0 0.70711
-0.54995 0.81111 0.59106 0.58526 0.39682 0 0.70711
0.53674 -0.4394 0.22891 -0.44792 -0.54714 0 0.70711
0.91597 -0.72853 0.83105 -0.44016 -0.55341 0 0.70711
-0.028739 -0.79719 0.029169 -0.70665 0.025475 0 0.70711
0.49159 -0.69935 0.69198 -0.57849 -0.40663 0 0.70711
0.30184 -0.56864 0.86265 -0.62457 -0.33153 0 0.70711
-0.89717 0.075516 0.1744 0.059308 0.70462 0 0.70711
0.67787 -0.16618 0.33329 -0.16836 -0.68677 0 0.70711
0.99933 0.77955 0.29378 0.43492 -0.55754 0 0.70711
-0.42184 -0.37916 0.95966 -0.47268 0.5259 0 0.70711
-0.59235 -0.69038 0.38985 -0.53665 0.46044 0 0.70711
0.90296 0.88248 0.99445 0.49423 -0.5057 0 0.70711
-0.52598 0.66664 0.90608 0.55512 0.43799 0 0.70711
0.93858 0.75065 0.5921 0.44165 -0.55222 0 0.70711
0.61062 -0.9771 0.23008 -0.59964 -0.37474 0 0.70711
-0.6131 0.12591 0.54876 0.14224 0.69265 0 0.70711
0.82729 0.06244 0.4543 0.053218 -0.7051 0 0.70711
-0.70982 0.32003 0.38757 0.29063 0.64462 0 0.70711
0.52486 -0.62949 0.28992 -0.54309 -0.45282 0 0.70711
0.70939 0.56344 0.8578 0.43979 -0.5537 0 0.70711
